0.0 0.0 0.0 0.0 0.0 0.0 0.0 1.0
19.399999618530273 -1.0893524885177612 -0.6329641342163086 0.06903731822967529 -0.038501519709825516 0.1176079735159874 0.04738480970263481 0.9911825060844421
23.399999618530273 0.6894115209579468 -0.7207133173942566 0.17822891473770142 -0.022829145193099976 -0.03416534140706062 0.047442663460969925 0.9980300664901733
24.600000381469727 1.1784776449203491 -0.6795493960380554 -0.03698395937681198 -0.05198158323764801 0.04340329021215439 0.07841979712247849 0.994619607925415
25.600000381469727 1.620148777961731 -0.5339879393577576 0.03493141010403633 -0.08815764635801315 0.05023298040032387 0.06468807905912399 0.9927359819412231
27.600000381469727 2.320514678955078 -0.3049331307411194 1.1336655616760254 -0.05453505367040634 0.0042815133929252625 0.005895048379898071 0.9984846711158752
29.200000762939453 2.167172431945801 -0.4291429817676544 1.3596636056900024 0.02121804468333721 0.027868332341313362 0.07193972915410995 0.9967973232269287
32.20000076293945 1.834065318107605 -0.6499805450439453 0.3401872515678406 -0.06690064817667007 0.018262377008795738 0.07777851074934006 0.9945600032806396
33.0 1.7496109008789062 -0.6171839833259583 0.16467434167861938 -0.07512699067592621 -0.037139348685741425 0.04533557966351509 0.9954525232315063
34.599998474121094 1.5983809232711792 -0.6831209063529968 -0.02493792586028576 -0.0587950199842453 -0.15170319378376007 0.016044003888964653 0.9865487217903137
35.400001525878906 1.9905329942703247 -0.8139812350273132 0.33137965202331543 -0.02783365175127983 -0.3365401327610016 -0.03170932084321976 0.9407238960266113
36.599998474121094 1.7520105838775635 -0.9499312043190002 0.46042609214782715 -0.00032389850821346045 -0.4383947551250458 -0.09974267333745956 0.8932331204414368
37.79999923706055 1.8140982389450073 -0.8062164187431335 0.5168316960334778 0.0390729121863842 -0.5457302927970886 -0.16332432627677917 0.8209642767906189
38.79999923706055 1.1490627527236938 -2.2243034839630127 4.277401924133301 -0.09627804905176163 -0.9011593461036682 -0.2471843659877777 0.3428511619567871
39.20000076293945 0.9113338589668274 -1.9250001907348633 3.9705960750579834 -0.04727906361222267 -0.9198481440544128 -0.2633722722530365 0.28684771060943604
39.599998474121094 0.6678502559661865 -1.5672215223312378 3.6024010181427 0.012520638294517994 -0.9403464198112488 -0.260842502117157 0.21808212995529175
39.79999923706055 0.6968015432357788 -1.5834453105926514 3.678896188735962 0.02396371215581894 -0.9476838707923889 -0.2580159604549408 0.18641340732574463
40.20000076293945 0.679934024810791 -1.5246734619140625 3.5721683502197266 0.025123964995145798 -0.9583959579467773 -0.2516784369945526 0.1323060542345047
40.79999923706055 0.6656308770179749 -1.5081470012664795 3.5215659141540527 0.025339653715491295 -0.9672515988349915 -0.24693498015403748 0.05303017050027847
41.599998474121094 0.609156608581543 -1.494250774383545 3.488396644592285 0.08715946227312088 -0.9590743780136108 -0.24380914866924286 -0.11464086174964905
42.20000076293945 -0.3781992793083191 -0.9554913640022278 1.7946115732192993 0.0654476135969162 -0.888935387134552 -0.23331218957901 -0.3886890709400177
42.79999923706055 -0.4613143503665924 -1.0037786960601807 1.6780611276626587 0.0513174906373024 -0.8494746088981628 -0.22170329093933105 -0.47603604197502136
43.20000076293945 -0.6564547419548035 -1.003138542175293 1.5342661142349243 0.03262726590037346 -0.8101473450660706 -0.21331623196601868 -0.5450677871704102
43.79999923706055 -0.5247243046760559 -1.1239063739776611 1.3683050870895386 0.05690949410200119 -0.7495114207267761 -0.2118794173002243 -0.6245850920677185
44.20000076293945 -0.2441834807395935 -0.998934268951416 0.8119415640830994 0.06291452050209045 -0.6596526503562927 -0.2053166627883911 -0.7202418446540833
45.0 0.1294371485710144 -0.5191205739974976 0.086097851395607 0.03568097576498985 -0.4697870910167694 -0.1451089233160019 -0.8700432777404785
45.79999923706055 0.24306049942970276 -0.6655561327934265 -0.388942688703537 0.05417744070291519 -0.3312452733516693 -0.12016205489635468 -0.9342946410179138
46.599998474121094 0.6444804072380066 -0.6273431181907654 -0.27305737137794495 0.042951326817274094 -0.18921422958374023 -0.0994904562830925 -0.9759400486946106
47.0 0.6863214373588562 -0.6055247783660889 0.16431257128715515 0.028944596648216248 -0.12345550954341888 -0.07778171449899673 -0.988875150680542
47.79999923706055 0.7452372908592224 -0.49536213278770447 0.5682475566864014 -0.0005321576027199626 0.04335058480501175 -0.015638897195458412 -0.998940110206604
49.400001525878906 1.0007951259613037 -0.4599229097366333 0.6188715100288391 -0.0259429719299078 0.33610954880714417 0.05090121924877167 -0.9400900602340698
50.599998474121094 1.1571195125579834 -0.49661722779273987 0.40390530228614807 -0.010746062733232975 0.4526978135108948 0.11240790784358978 -0.8844851851463318
51.599998474121094 1.47787344455719 -0.6512125134468079 0.26975929737091064 -0.007685916498303413 0.5276873707771301 0.13450470566749573 -0.838689923286438
52.79999923706055 1.5048410892486572 -0.9372573494911194 1.6335643529891968 -0.0014330438571050763 0.7741674184799194 0.17712557315826416 -0.6076958775520325
54.0 1.4111508131027222 -1.0098174810409546 1.8487297296524048 -0.07023019343614578 0.86285799741745 0.22171014547348022 -0.4487689137458801
55.79999923706055 1.8851875066757202 -0.7111654281616211 0.6004010438919067 -0.021985666826367378 0.7811211347579956 0.26073235273361206 -0.5669094324111938
60.20000076293945 0.8231897950172424 0.08621136844158173 -0.5947511196136475 -0.023488115519285202 0.6096634268760681 0.1554865837097168 -0.7769121527671814
63.0 0.3081350326538086 0.04866622015833855 -0.5193119049072266 -0.04742942005395889 0.5154318809509277 0.11073637008666992 -0.8484240174293518
65.19999694824219 1.055330753326416 0.12018898129463196 -0.4911843538284302 -0.011446604505181313 0.4630105793476105 0.15197624266147614 -0.8731560707092285
69.80000305175781 0.38598841428756714 -0.11029653251171112 -0.20828375220298767 -0.014359804801642895 0.5426822304725647 0.1533324122428894 -0.8257044553756714
71.80000305175781 0.1080717071890831 -0.7084566950798035 -0.38232558965682983 0.014004310593008995 0.5147150158882141 0.16181446611881256 -0.841839075088501
74.4000015258789 0.26550066471099854 -1.2356160879135132 -0.7113881707191467 0.08148596435785294 0.4976038336753845 0.15005716681480408 -0.8504337072372437
76.0 0.3182535767555237 -0.735371470451355 -0.24849078059196472 0.026980837807059288 0.5377659797668457 0.14545929431915283 -0.830015242099762
76.80000305175781 0.7500384449958801 -0.5546782612800598 -0.4508543908596039 0.020717481151223183 0.4857611358165741 0.08853407204151154 -0.8693534135818481
77.4000015258789 0.7706261277198792 -0.5306837558746338 -0.2221682369709015 0.00843042228370905 0.45232903957366943 0.07033095508813858 -0.8890340924263
78.0 1.1827729940414429 -0.5330014824867249 -0.4511684775352478 0.033427655696868896 0.3976758122444153 0.0368388369679451 -0.9161800742149353
79.19999694824219 0.7068989872932434 -0.4090690612792969 -1.8672508001327515 0.014716479927301407 0.12356086820363998 -0.022721273824572563 -0.9919684529304504
79.80000305175781 0.45638367533683777 -0.40573447942733765 -1.5338445901870728 0.005718177184462547 0.00671762228012085 -0.06294980645179749 -0.9979788661003113
80.5999984741211 0.7877263426780701 -0.2999800741672516 -1.8797757625579834 0.03002837672829628 -0.06373754143714905 -0.06863205134868622 -0.9951530694961548
82.0 0.7218220233917236 -0.15723760426044464 -1.0360532999038696 0.0019244077848270535 -0.2279314249753952 -0.06927001476287842 -0.9712109565734863
82.80000305175781 0.815264880657196 -0.11217480897903442 -0.9567990303039551 0.0062265172600746155 -0.3128403127193451 -0.1075548380613327 -0.943677544593811
83.19999694824219 0.7151753902435303 -0.11060390621423721 -1.04152512550354 0.021824367344379425 -0.3654407858848572 -0.14396676421165466 -0.9193784594535828
84.0 0.5564652681350708 0.04944482445716858 -1.1490578651428223 0.0005099493428133428 -0.4657251536846161 -0.2212505042552948 -0.8568246364593506
84.80000305175781 0.7861202955245972 0.3105306923389435 -1.1899226903915405 0.06474867463111877 -0.4527820944786072 -0.2519276440143585 -0.8528392910957336
86.0 0.9177004098892212 0.19474244117736816 -1.4929555654525757 0.10614175349473953 -0.4144912660121918 -0.09701141715049744 -0.898624837398529
89.5999984741211 1.481094241142273 0.11757943779230118 -0.8643770813941956 0.09473372995853424 -0.43241086602211 -0.24536137282848358 -0.8624659776687622
90.80000305175781 1.6344252824783325 -0.0031128490809351206 -1.1424261331558228 0.04792593792080879 -0.40474367141723633 -0.2111341804265976 -0.8884333968162537
92.0 2.343198537826538 0.04884679988026619 -0.4382123649120331 -0.07061142474412918 -0.4552983045578003 -0.1538281887769699 -0.874104917049408
93.5999984741211 1.6865904331207275 -0.3192985951900482 -0.9759579300880432 0.12225734442472458 -0.41842690110206604 -0.2579731345176697 -0.8622221946716309
94.4000015258789 1.6993180513381958 -0.29865846037864685 -0.9618911147117615 0.21053901314735413 -0.3858402967453003 -0.32316869497299194 -0.8380749821662903
95.0 1.7374835014343262 -0.4189101457595825 -0.9322943687438965 0.09941001981496811 -0.4395916163921356 -0.2516052722930908 -0.8564897775650024
95.5999984741211 2.228804588317871 -0.642439067363739 -0.6658357381820679 0.009783687070012093 -0.47665926814079285 -0.20138384401798248 -0.8556574583053589
97.5999984741211 1.664402723312378 -0.3971763849258423 -0.9713395237922668 0.1027345359325409 -0.4258078634738922 -0.2600279450416565 -0.8605381846427917
98.5999984741211 1.1045175790786743 -0.46593520045280457 -1.3469215631484985 0.17512542009353638 -0.4078012704849243 -0.28413382172584534 -0.8498836755752563
99.4000015258789 1.081683874130249 -0.5001018643379211 -1.2063103914260864 0.06278415769338608 -0.46469083428382874 -0.21714553236961365 -0.8561380505561829
100.19999694824219 1.280256986618042 -0.4991033971309662 -1.164751648902893 -0.015462265349924564 -0.4690674841403961 -0.21150852739810944 -0.8573253154754639
102.19999694824219 0.8036618232727051 -0.3816075623035431 -1.2792211771011353 0.07777117937803268 -0.3769528865814209 -0.2140461951494217 -0.8977999091148376
103.5999984741211 0.35591432452201843 -0.3767731487751007 -1.539723515510559 0.08511510491371155 -0.3006710410118103 -0.13863982260227203 -0.9397529363632202
104.80000305175781 0.8923184275627136 -0.3575502336025238 -0.8469510674476624 0.09865035116672516 -0.22421911358833313 -0.12904560565948486 -0.9609087109565735
105.80000305175781 1.0852729082107544 -0.3458162844181061 -0.014354717917740345 0.018372898921370506 -0.2613506317138672 -0.10536405444145203 -0.959301769733429
106.4000015258789 0.9926876425743103 -0.3300096094608307 0.07869157195091248 -0.0578179657459259 -0.28653621673583984 -0.0832495242357254 -0.9526949524879456
108.19999694824219 1.1690471172332764 -0.6554617285728455 0.07195286452770233 0.1996743083000183 -0.22491011023521423 -0.18023863434791565 -0.9365163445472717
109.19999694824219 0.9311369061470032 -0.8096829652786255 -0.18300645053386688 0.05438704788684845 -0.2596997916698456 -0.1194511353969574 -0.9567301273345947
109.80000305175781 0.641765296459198 -0.6977885365486145 0.02625894546508789 -0.06950626522302628 -0.3119698762893677 -0.09416089951992035 -0.9428576827049255
111.80000305175781 1.0313912630081177 -0.6991446018218994 0.23764686286449432 0.12224413454532623 -0.2500925660133362 -0.1651601642370224 -0.9461702108383179
116.0 0.7912269830703735 -0.448566198348999 -0.5961085557937622 0.13624238967895508 -0.15600329637527466 -0.11433467268943787 -0.9716148376464844
116.80000305175781 1.2941838502883911 -0.37857505679130554 -0.6072279214859009 0.08933912962675095 -0.0320165641605854 -0.058040764182806015 -0.9937949180603027
117.4000015258789 1.4552333354949951 -0.361432284116745 -0.31971678137779236 -0.027852846309542656 0.0023033441975712776 -0.014175170101225376 -0.999511182308197
119.0 1.4183833599090576 -0.542284369468689 -0.3409293591976166 0.10734223574399948 0.01309986226260662 -0.049829673022031784 -0.9928869009017944
120.4000015258789 1.4379303455352783 -0.8167896270751953 -0.21141865849494934 0.012781316414475441 0.08611030876636505 -0.025251848623156548 -0.9958845376968384
122.80000305175781 1.0384019613265991 -0.6536545753479004 -0.4051719307899475 0.12479293346405029 0.044317908585071564 -0.02187443897128105 -0.9909511804580688
124.5999984741211 1.1230757236480713 -0.5211344361305237 0.0013189786113798618 -0.023544907569885254 0.06331150233745575 -0.02317587286233902 -0.9974492192268372
126.0 1.2053006887435913 -0.4273282587528229 -0.3419240713119507 0.07243278622627258 0.13472718000411987 0.002894756617024541 -0.9882286787033081
127.4000015258789 1.3450425863265991 -0.3583065867424011 0.35890382528305054 -0.018895018845796585 0.28918686509132385 0.07491537928581238 -0.9541522264480591
128.8000030517578 1.2106704711914062 -0.5299617648124695 0.4723261892795563 -0.07852652668952942 0.31365829706192017 0.031807929277420044 -0.945749044418335
129.60000610351562 1.1586576700210571 -0.5684041380882263 0.18202972412109375 0.062365781515836716 0.30026379227638245 0.06717732548713684 -0.9494436979293823
131.1999969482422 1.2383041381835938 -0.6938419938087463 0.05686842277646065 0.004120095167309046 0.40420469641685486 0.07414598762989044 -0.9116496443748474
132.39999389648438 1.3265506029129028 -0.586125910282135 0.32936105132102966 -0.10424522310495377 0.47538086771965027 0.041963860392570496 -0.8725748658180237
133.39999389648438 1.878885269165039 -1.1782312393188477 -0.13490888476371765 0.0688895657658577 0.4637400209903717 0.14024990797042847 -0.8720850944519043
135.8000030517578 1.2100470066070557 -0.7835578918457031 1.1029753684997559 -0.07624363154172897 0.6174922585487366 0.11318355798721313 -0.7746486067771912
137.60000610351562 1.3037223815917969 -0.7460674047470093 0.4541337490081787 0.0453103631734848 0.5526577234268188 0.17969383299350739 -0.8125452399253845
139.0 2.3251595497131348 -1.1566696166992188 1.8900246620178223 -0.019450340420007706 0.7677356600761414 0.15928618609905243 -0.6203498840332031
140.1999969482422 1.4768235683441162 -1.675550937652588 1.9210702180862427 -0.02909376285970211 0.859822154045105 0.1722061187028885 -0.4798003137111664
141.1999969482422 1.5657488107681274 -1.3229740858078003 1.7799265384674072 0.009433381259441376 0.834468424320221 0.262263685464859 -0.48455503582954407
141.8000030517578 1.753692626953125 -1.1426682472229004 1.884191632270813 0.05621305853128433 0.8148181438446045 0.31141626834869385 -0.48573052883148193
142.8000030517578 1.9908877611160278 -1.2022970914840698 1.874964714050293 0.0006856294930912554 0.8371290564537048 0.25930309295654297 -0.4816412925720215
143.1999969482422 1.8403356075286865 -1.0573616027832031 2.0409514904022217 -0.06012430042028427 0.8815116286277771 0.18084202706813812 -0.43199798464775085
144.1999969482422 1.4717695713043213 -0.785422146320343 1.8919765949249268 -0.08892158418893814 0.9275223612785339 0.10863718390464783 -0.3464042544364929
145.1999969482422 0.48164868354797363 -0.9551081657409668 2.5224521160125732 0.042791761457920074 0.9623308777809143 0.24973700940608978 -0.09858952462673187
146.1999969482422 0.5238939523696899 -0.8014266490936279 2.5791261196136475 -0.015543789602816105 0.941680371761322 0.33330997824668884 -0.043578509241342545
146.60000610351562 0.5638760924339294 -0.8253528475761414 2.3955044746398926 -0.03132738918066025 0.962900698184967 0.26675233244895935 -0.02613281086087227
147.1999969482422 0.5300658941268921 -0.8647502660751343 2.355644702911377 -0.04057371988892555 0.9879593849182129 0.14927244186401367 0.0033065404277294874
148.60000610351562 0.7128878831863403 -1.108860731124878 2.4228174686431885 -0.06677036732435226 0.9569123983383179 0.2815656363964081 -0.024133000522851944
149.1999969482422 0.607195258140564 -0.8159123659133911 2.4418318271636963 -0.03634635731577873 0.9349095821380615 0.3526378870010376 -0.016414500772953033
150.0 0.8477392196655273 -1.0717817544937134 2.4262099266052246 -0.01755128987133503 0.9559049606323242 0.2920515537261963 -0.025353489443659782
150.60000610351562 0.9111512899398804 -0.9481490254402161 2.01572847366333 -0.046440236270427704 0.9827995300292969 0.17705138027668 0.024503007531166077
151.60000610351562 1.0207749605178833 -1.1344901323318481 1.8774219751358032 -0.029005631804466248 0.985011637210846 0.14176422357559204 0.093889519572258
152.60000610351562 0.38966599106788635 -0.7805107235908508 1.360276222229004 0.04009609669446945 0.8975847959518433 0.31270256638526917 0.3081440031528473
153.39999389648438 0.04675683379173279 -0.6982151865959167 1.499782919883728 -0.07468611747026443 0.8297631740570068 0.3922397494316101 0.38995328545570374
154.60000610351562 0.15119439363479614 -0.2178078591823578 1.428671956062317 -0.02934367209672928 0.8412874341011047 0.21352510154247284 0.49576336145401
156.0 0.17214162647724152 -0.23576177656650543 1.4292864799499512 -0.05547222122550011 0.8200857043266296 0.246961310505867 0.51321941614151
157.0 -0.06828856468200684 -0.45921963453292847 1.542765498161316 0.013176715932786465 0.8260266184806824 0.22058632969856262 0.5185042023658752
157.8000030517578 0.23893636465072632 -0.397424578666687 1.3873409032821655 -0.08566970378160477 0.7992903590202332 0.295712947845459 0.5160920023918152
158.60000610351562 0.20020578801631927 -0.5348517298698425 1.3448355197906494 -0.04165876656770706 0.8209676742553711 0.22927986085414886 0.5212578773498535
159.39999389648438 0.4342764914035797 -0.49682900309562683 1.275471806526184 -0.0014374355087056756 0.8384022116661072 0.15112504363059998 0.5236805081367493
159.60000610351562 0.15977342426776886 -0.6244489550590515 1.3986897468566895 -0.019032275304198265 0.8312079310417175 0.1868159919977188 0.523288369178772
160.39999389648438 0.4695180356502533 -0.6658968329429626 1.2740778923034668 -0.11378976702690125 0.7925394773483276 0.3407136797904968 0.4927961826324463
161.1999969482422 0.2068159282207489 -0.9583752155303955 1.3705564737319946 -0.05733180791139603 0.8285417556762695 0.23448552191257477 0.5052222609519958
163.1999969482422 0.5341996550559998 -1.0098243951797485 1.553912878036499 -0.11076218634843826 0.7653221487998962 0.34063720703125 0.5347731709480286
164.39999389648438 0.08461282402276993 -0.837072491645813 1.523531436920166 -0.005173032637685537 0.7961614727973938 0.1731773018836975 0.579749345779419
165.39999389648438 -0.1840585172176361 -0.9264129996299744 1.8092615604400635 -0.10167170315980911 0.7786499857902527 0.28323253989219666 0.5505874156951904
167.60000610351562 0.2791535556316376 -0.5789732933044434 1.7699253559112549 0.019238200038671494 0.8046956062316895 0.13718724250793457 0.5773003101348877
168.60000610351562 0.19874334335327148 -0.7463457584381104 2.2108986377716064 -0.0511927604675293 0.7877734303474426 0.31273505091667175 0.5281944274902344
170.1999969482422 -0.6214975118637085 -1.261247992515564 2.009019374847412 -0.12175342440605164 0.73384690284729 0.1371249407529831 0.6540964841842651
172.1999969482422 0.30604031682014465 -0.9115006923675537 1.2027037143707275 -0.01584537699818611 0.5797110199928284 0.15912793576717377 0.7989776134490967
183.39999389648438 1.432233452796936 -0.6929284930229187 -0.15933586657047272 -0.05255356803536415 0.07246869802474976 0.024950096383690834 0.9956738948822021
184.39999389648438 1.3902753591537476 -0.7496151924133301 0.11516131460666656 -0.03998769447207451 -0.08583355695009232 0.01635427586734295 0.9953730702400208
185.60000610351562 1.5008922815322876 -0.7378091216087341 0.520903468132019 0.01860806904733181 -0.3396482467651367 -0.07522151619195938 0.937355637550354
186.60000610351562 1.4823089838027954 -0.7457934617996216 0.3408260941505432 0.04984277859330177 -0.4473530650138855 -0.145726278424263 0.8809971213340759
187.8000030517578 1.9328817129135132 -1.328189492225647 2.138488531112671 0.03596322983503342 -0.7894497513771057 -0.17876803874969482 0.5861060619354248
189.0 1.5817738771438599 -1.0784534215927124 1.9024654626846313 0.05242661386728287 -0.9025830626487732 -0.1875808984041214 0.3839380741119385
189.60000610351562 1.0254017114639282 -1.1392879486083984 1.977449655532837 0.035190340131521225 -0.9604390859603882 -0.20600178837776184 0.1840725690126419
190.1999969482422 0.36892908811569214 -1.0795187950134277 2.0503604412078857 0.02712991274893284 -0.9793819189071655 -0.18315505981445312 -0.08081149309873581
190.60000610351562 0.5129829049110413 -1.0643302202224731 1.9359679222106934 0.04317794740200043 -0.9635990262031555 -0.214366152882576 -0.15381966531276703
190.8000030517578 0.4863613247871399 -1.0945128202438354 2.1062488555908203 0.05135844275355339 -0.9555947780609131 -0.21606935560703278 -0.19368761777877808
191.0 0.5898491740226746 -1.141676664352417 2.1886167526245117 0.062315694987773895 -0.9487417936325073 -0.22322353720664978 -0.2148895412683487
191.1999969482422 0.6126428246498108 -1.1611777544021606 2.373610496520996 0.07092897593975067 -0.9446364641189575 -0.2143760770559311 -0.23806454241275787
191.39999389648438 0.5245686173439026 -1.1962696313858032 2.502619743347168 0.07210656255483627 -0.9348381757736206 -0.20840205252170563 -0.278293251991272
191.60000610351562 0.407589316368103 -1.246803879737854 2.5862953662872314 0.07139241695404053 -0.9221424460411072 -0.2068074494600296 -0.3190411627292633
191.8000030517578 0.3061462938785553 -1.318429946899414 2.6778109073638916 0.07437528669834137 -0.9090800881385803 -0.2079082727432251 -0.35329312086105347
192.0 0.42543408274650574 -1.3394745588302612 2.7026193141937256 0.08828287571668625 -0.8988295197486877 -0.20502330362796783 -0.3771960437297821
192.39999389648438 0.5505942702293396 -1.2963941097259521 2.637326955795288 0.09690643101930618 -0.86672443151474 -0.2017480880022049 -0.44575297832489014
193.1999969482422 0.6569768786430359 -0.6209087371826172 0.174343079328537 0.01789771392941475 -0.5179035663604736 -0.18566332757472992 -0.8348562717437744
194.39999389648438 3.976302146911621 -0.5444368124008179 5.078924179077148 -0.029499415308237076 -0.2981576919555664 -0.12828148901462555 -0.9453970789909363
195.60000610351562 0.8005708456039429 -0.7874675989151001 0.6947323083877563 -0.026676343753933907 -0.1222110465168953 -0.09843332320451736 -0.9872503876686096
196.60000610351562 0.79029381275177 -1.192901849746704 0.44988197088241577 0.08655078709125519 0.04549421742558479 -0.0491485558450222 -0.9939942359924316
199.8000030517578 -0.03437799587845802 -0.7275834083557129 -0.29884085059165955 0.03646942228078842 -0.005454865284264088 -0.03648698329925537 -0.9986536502838135
208.39999389648438 0.044948309659957886 0.013417189009487629 -0.17311467230319977 -0.00267315236851573 -0.02493901364505291 -0.011276529170572758 -0.9996219277381897
209.1999969482422 -0.1463761180639267 0.184343621134758 -0.10897249728441238 -0.03591283783316612 -0.05015124753117561 -0.015799859538674355 -0.9979708790779114
