0.0 0.0 0.0 0.0 0.0 0.0 0.0 1.0
16.0 -1.3498706817626953 -0.7664010524749756 0.002779852133244276 -0.04148229956626892 0.14866498112678528 0.08616558462381363 0.9842522144317627
18.799999237060547 1.00299870967865 -0.6747516393661499 0.5272018909454346 -0.023610707372426987 -0.09918142110109329 0.05649672448635101 0.9931851625442505
19.600000381469727 1.5194588899612427 -0.6670176982879639 -0.05403456836938858 -0.056045226752758026 -0.03542989119887352 0.0886034220457077 0.9938583970069885
20.399999618530273 1.9067964553833008 -0.48418110609054565 0.07374715059995651 -0.08120241016149521 -0.02115478552877903 0.07713435590267181 0.9934836626052856
22.0 2.4372963905334473 -0.23794367909431458 1.4112465381622314 -0.0531613789498806 -0.06719625741243362 0.017915191128849983 0.9961629509925842
23.399999618530273 2.290545701980591 -0.3798311650753021 1.5907113552093506 0.01948147639632225 -0.051427457481622696 0.09012237191200256 0.9944127798080444
25.799999237060547 2.1450116634368896 -0.5992150902748108 0.4285500943660736 -0.0730707123875618 -0.06505542248487473 0.08968985825777054 0.9911538362503052
26.399999618530273 2.0864555835723877 -0.5616260170936584 0.3605210483074188 -0.07619249075651169 -0.11399393528699875 0.05478178709745407 0.9890429377555847
27.600000381469727 1.920442819595337 -0.5676574110984802 0.2056276947259903 -0.05389615148305893 -0.20937277376651764 0.02904772385954857 0.9759190082550049
28.200000762939453 1.92179274559021 -0.8166702389717102 0.36414825916290283 -0.04163296893239021 -0.32179364562034607 -0.01131037063896656 0.9458268284797668
29.399999618530273 1.7684297561645508 -0.8050275444984436 0.5615752339363098 0.0262895580381155 -0.4789702296257019 -0.09698300808668137 0.8720613718032837
30.200000762939453 2.0556259155273438 -0.7017294764518738 0.4645967185497284 0.06223784387111664 -0.5570806264877319 -0.16170784831047058 0.8121839761734009
31.0 2.3813095092773438 -1.0471879243850708 1.1411947011947632 -0.0003158233594149351 -0.7005879282951355 -0.19471263885498047 0.6864898204803467
31.399999618530273 -1.5621862411499023 -1.6764373779296875 3.5144617557525635 -0.06426075100898743 -0.9544623494148254 -0.2907847762107849 0.01789279840886593
31.799999237060547 -1.615212321281433 -1.4898066520690918 2.3092634677886963 0.02028677985072136 -0.9390447735786438 -0.32549187541007996 -0.10881579667329788
32.20000076293945 -1.6145507097244263 -1.4727874994277954 2.2832038402557373 0.01640387251973152 -0.9311400651931763 -0.31329917907714844 -0.18589666485786438
32.79999923706055 -1.6071442365646362 -1.4737449884414673 2.2636513710021973 0.04733709245920181 -0.9097476601600647 -0.2950766384601593 -0.2881820499897003
33.400001525878906 -1.6409043073654175 -1.4607057571411133 2.1221938133239746 0.08708875626325607 -0.8233522772789001 -0.28482744097709656 -0.4830976128578186
34.0 -1.5765358209609985 -1.4144312143325806 2.065667152404785 0.08576469868421555 -0.7723380327224731 -0.2623158395290375 -0.5721322298049927
34.400001525878906 -2.1676290035247803 -1.68458890914917 1.1604187488555908 0.052289918065071106 -0.7097707986831665 -0.26764053106307983 -0.6495078802108765
35.0 0.05165274068713188 -0.7743860483169556 0.2958812415599823 0.05692873150110245 -0.6013706922531128 -0.23692676424980164 -0.760906457901001
35.400001525878906 0.5061365365982056 -0.7220545411109924 0.3221774101257324 0.06618741154670715 -0.5270637273788452 -0.21777918934822083 -0.8187772631645203
36.20000076293945 0.8506597876548767 -0.5557352900505066 -0.05246647447347641 0.06441719084978104 -0.32093679904937744 -0.16591402888298035 -0.9302291870117188
37.20000076293945 0.9646015167236328 -0.6715208888053894 -0.26344844698905945 0.06477106362581253 -0.1419714391231537 -0.1072678491473198 -0.9819088578224182
37.599998474121094 1.054718017578125 -0.5793587565422058 0.24595089256763458 0.03614271059632301 -0.04576244205236435 -0.08985305577516556 -0.9942463040351868
38.20000076293945 1.0369069576263428 -0.5078864693641663 0.675299882888794 0.008153785951435566 0.12209820747375488 -0.02525111846625805 -0.9921638369560242
39.400001525878906 1.060420036315918 -0.4434226453304291 0.6509422063827515 -0.027333619073033333 0.34087935090065 0.034449975937604904 -0.9390796422958374
40.20000076293945 1.2594152688980103 -0.35654065012931824 0.498851478099823 -0.03146306425333023 0.45327886939048767 0.0828055590391159 -0.8869574666023254
41.20000076293945 1.6069718599319458 -0.49936842918395996 0.13339415192604065 -0.030692152678966522 0.5205196142196655 0.12517288327217102 -0.8440676927566528
42.20000076293945 0.8440610766410828 -0.4447277784347534 0.40156251192092896 -0.046475622802972794 0.6292424201965332 0.16611625254154205 -0.7578266263008118
43.20000076293945 0.8464339375495911 -0.602203905582428 0.635572075843811 -0.08852769434452057 0.7482949495315552 0.23044240474700928 -0.6157233715057373
44.599998474121094 0.8113920092582703 -0.20204485952854156 -0.6845121383666992 -0.035054080188274384 0.6294684410095215 0.24842266738414764 -0.7354115843772888
48.20000076293945 -0.5982801914215088 0.3767489790916443 -1.4574252367019653 -0.04013621434569359 0.37809592485427856 0.13438275456428528 -0.9150820970535278
50.20000076293945 -0.9939393401145935 0.2872779071331024 -1.110536813735962 -0.07025047391653061 0.2930959165096283 0.08605782687664032 -0.9496086835861206
52.20000076293945 -0.30970242619514465 0.3828504979610443 -1.4202200174331665 -0.03045879490673542 0.23705777525901794 0.14145292341709137 -0.960660457611084
55.400001525878906 -0.7009677290916443 0.2293134331703186 -0.9543657898902893 -0.03853076696395874 0.31562402844429016 0.10687503218650818 -0.942060649394989
57.400001525878906 -0.9243590831756592 -0.46859583258628845 -0.9654203653335571 0.0004991702153347433 0.31729361414909363 0.1431598961353302 -0.9374601244926453
59.599998474121094 -0.9103577136993408 -0.9191321134567261 -1.263280987739563 0.06301525980234146 0.3094523251056671 0.11818081885576248 -0.9414345026016235
60.79999923706055 -0.7023066282272339 -0.4913797676563263 -0.8904145359992981 0.011006544344127178 0.34911492466926575 0.12724803388118744 -0.9283349514007568
61.400001525878906 -0.38658660650253296 -0.33777013421058655 -1.174509882926941 0.002355932490900159 0.30343368649482727 0.07605589181184769 -0.9498107433319092
62.0 -0.1091422513127327 -0.3084948658943176 -1.0502408742904663 -0.012421649880707264 0.27077892422676086 0.04709652438759804 -0.961409330368042
62.400001525878906 0.14686799049377441 -0.3314654231071472 -1.3985220193862915 0.01064192596822977 0.22328704595565796 0.019360708072781563 -0.974502682685852
63.400001525878906 0.7221882939338684 -0.3680681884288788 -1.8851040601730347 0.009903204627335072 0.10980772972106934 -0.045132771134376526 -0.9928799867630005
63.79999923706055 0.8843178749084473 -0.32267826795578003 -1.5485467910766602 0.000501114409416914 0.06128832325339317 -0.07456149160861969 -0.9953323006629944
64.5999984741211 1.4234681129455566 -0.11107618361711502 -1.3159583806991577 0.030254069715738297 -0.00772656686604023 -0.0895891860127449 -0.9954903721809387
65.4000015258789 1.7319315671920776 0.010005571879446507 -1.0260730981826782 0.0036667990498244762 -0.07675101608037949 -0.07547110319137573 -0.9941848516464233
66.19999694824219 1.6064882278442383 0.008588958531618118 -1.0422738790512085 0.008357277140021324 -0.19461527466773987 -0.13885881006717682 -0.9709663391113281
66.5999984741211 1.6063649654388428 0.058931827545166016 -0.9830831289291382 0.02852473221719265 -0.2620213031768799 -0.1821974813938141 -0.9472780227661133
67.19999694824219 1.4852453470230103 0.2531598210334778 -0.9762206077575684 0.01374069508165121 -0.3623257577419281 -0.24082931876182556 -0.9002959728240967
67.80000305175781 1.67705237865448 0.4845658540725708 -1.0193151235580444 0.0828421339392662 -0.3451087772846222 -0.2658837139606476 -0.8962952494621277
68.80000305175781 1.8691884279251099 0.390993595123291 -1.2845534086227417 0.10376423597335815 -0.3037853538990021 -0.10770490765571594 -0.940929651260376
71.80000305175781 2.3731284141540527 0.33673596382141113 -0.4618096947669983 0.10123883187770844 -0.32440251111984253 -0.2544509172439575 -0.9054116010665894
73.0 2.7052321434020996 0.29673102498054504 -0.34953394532203674 0.0027412378694862127 -0.32277897000312805 -0.20099471509456635 -0.9248840808868408
75.0 2.4625601768493652 -0.04871128499507904 -0.603241503238678 0.16454558074474335 -0.3024560511112213 -0.28882259130477905 -0.8933245539665222
76.19999694824219 3.011972427368164 -0.08899059891700745 -0.10255564004182816 0.030252307653427124 -0.35085320472717285 -0.22304335236549377 -0.9089773297309875
77.0 2.383807897567749 -0.2552744150161743 -0.595427393913269 -0.09340346604585648 -0.39562514424324036 -0.18354836106300354 -0.8950246572494507
77.80000305175781 2.4689218997955322 -0.3570184111595154 -0.706298828125 0.08599110692739487 -0.33296459913253784 -0.25212717056274414 -0.9045290350914001
78.5999984741211 2.060933828353882 -0.3079354166984558 -1.0791611671447754 0.18629108369350433 -0.30716171860694885 -0.2770978510379791 -0.891159176826477
79.5999984741211 1.8643240928649902 -0.2076423466205597 -1.0451195240020752 0.042886026203632355 -0.3693433403968811 -0.21912521123886108 -0.902072012424469
81.4000015258789 1.563051700592041 -0.3401150107383728 -1.3681657314300537 0.06135224178433418 -0.3072667419910431 -0.2243109494447708 -0.9227710366249084
82.4000015258789 1.513389229774475 -0.07816620916128159 -1.2182048559188843 0.0987112820148468 -0.21902316808700562 -0.20292644202709198 -0.9492660760879517
83.4000015258789 1.7067155838012695 -0.149723619222641 -0.5449587106704712 0.07658958435058594 -0.13260361552238464 -0.1385858803987503 -0.9784407019615173
84.80000305175781 1.8022431135177612 -0.05310334265232086 0.044881392270326614 -0.033406712114810944 -0.12904532253742218 -0.11788240820169449 -0.9840402007102966
87.80000305175781 1.7497632503509521 -0.638850748538971 0.6114257574081421 -0.06836540997028351 -0.170970156788826 -0.13363145291805267 -0.9737743735313416
89.4000015258789 1.6589534282684326 -0.579306423664093 0.2646280527114868 0.13218095898628235 -0.12513349950313568 -0.17358200252056122 -0.967853844165802
92.80000305175781 1.689396858215332 -0.39957520365715027 -0.8389657735824585 0.14100459218025208 -0.018228059634566307 -0.14199340343475342 -0.9796050786972046
93.4000015258789 1.7429802417755127 -0.2664710581302643 -0.4413284957408905 0.08281376957893372 0.046449512243270874 -0.07045112550258636 -0.9929863810539246
94.0 1.9218287467956543 -0.27295202016830444 -0.045942362397909164 -0.046008236706256866 0.08888442814350128 -0.03725113719701767 -0.9942817687988281
95.19999694824219 1.8622368574142456 -0.4831182062625885 -0.1819426268339157 0.10832584649324417 0.094789519906044 -0.06355887651443481 -0.9875429272651672
96.19999694824219 1.748533010482788 -0.7191439867019653 -0.07690209150314331 0.019607961177825928 0.1415746659040451 -0.039407018572092056 -0.9889490008354187
98.5999984741211 1.4840877056121826 -0.4633650481700897 -0.33027181029319763 0.13986290991306305 0.1289091557264328 -0.01534702442586422 -0.9816244840621948
99.4000015258789 1.3333626985549927 -0.4665629267692566 0.30590397119522095 -0.0012364968424662948 0.11969674378633499 -0.04042615741491318 -0.9919871687889099
101.0 1.4246101379394531 -0.40260934829711914 -0.011007986962795258 0.09837343543767929 0.21084628999233246 0.020416200160980225 -0.9723422527313232
102.0 1.4080376625061035 -0.41855674982070923 0.4223698079586029 -0.020554278045892715 0.31363722681999207 0.05793915316462517 -0.9475508332252502
105.0 1.2469971179962158 -0.5916365385055542 0.3747316896915436 -0.03309117257595062 0.45162802934646606 0.06578624993562698 -0.889163076877594
106.0 1.21007239818573 -0.46443650126457214 0.5331527590751648 -0.1419920176267624 0.49725866317749023 0.03132801502943039 -0.8553319573402405
106.5999984741211 1.6661356687545776 -0.8627138137817383 0.22590015828609467 0.026565896347165108 0.49240148067474365 0.12204676121473312 -0.8613595366477966
108.5999984741211 1.1784088611602783 -0.5980152487754822 0.8348369598388672 -0.10741082578897476 0.5923014283180237 0.10976259410381317 -0.790946900844574
110.0 1.3418899774551392 -0.6276329159736633 0.33254435658454895 0.01330581121146679 0.5492554306983948 0.17130783200263977 -0.8177995681762695
111.19999694824219 1.7865104675292969 -0.5121585726737976 0.3065783977508545 -0.07156546413898468 0.6227526664733887 0.14600613713264465 -0.7653377652168274
112.19999694824219 1.334802269935608 -0.7525168061256409 0.7417508959770203 -0.12122175097465515 0.7494219541549683 0.14199428260326385 -0.6352254152297974
113.19999694824219 1.1857460737228394 -0.5517175793647766 0.21072161197662354 0.015638379380106926 0.6755465865135193 0.2546056807041168 -0.6917852759361267
142.39999389648438 1.154351830482483 -0.38488325476646423 0.1424170732498169 0.07725869864225388 -0.43294891715049744 -0.2059110552072525 -0.8741791844367981
145.39999389648438 1.2624413967132568 -0.5448052883148193 -0.4416041076183319 0.06787864863872528 -0.27370092272758484 -0.16605542600154877 -0.944937527179718
146.1999969482422 1.3517500162124634 -0.6564684510231018 -0.45341360569000244 0.06304816901683807 -0.14097654819488525 -0.1049843579530716 -0.982410192489624
147.0 1.7066073417663574 -0.6726300120353699 0.007954638451337814 0.04539300128817558 0.04507242143154144 -0.0308828167617321 -0.9974740743637085
147.8000030517578 1.6243952512741089 -0.7192325592041016 0.2514052391052246 0.03491253778338432 0.20406237244606018 0.010230137035250664 -0.9782819151878357
149.0 1.6318771839141846 -0.6404389142990112 0.4529828131198883 -0.06196106597781181 0.4374476671218872 0.12842145562171936 -0.887866735458374
150.0 1.488822340965271 -0.6907616257667542 0.6107856631278992 -0.08588498830795288 0.6036408543586731 0.16052694618701935 -0.7761913537979126
151.0 0.9914917349815369 -0.6394292712211609 0.6672219038009644 -0.07413821667432785 0.7817884683609009 0.18876802921295166 -0.5896422863006592
151.39999389648438 -1.3382166624069214 -1.0863605737686157 1.6137515306472778 -0.00316610187292099 0.9531177878379822 0.24785453081130981 0.17356567084789276
152.0 -0.9512685537338257 -0.9369208812713623 1.3837543725967407 -0.019284918904304504 0.9224395751953125 0.2300209254026413 0.3095555007457733
152.1999969482422 -0.7102287411689758 -0.9617452025413513 1.5040758848190308 -0.034889619797468185 0.8988574147224426 0.2196011245250702 0.37764158844947815
152.60000610351562 3.3760106563568115 1.3668402433395386 -0.6007636785507202 -0.056934624910354614 0.8404072523117065 0.23775197565555573 0.4836812913417816
152.8000030517578 -0.8000537157058716 -1.0583480596542358 1.646456003189087 -0.06171073764562607 0.8179447054862976 0.24023842811584473 0.5190795063972473
153.0 15.258609771728516 6.881076335906982 -3.149764060974121 -0.05870574340224266 0.7804369926452637 0.23951376974582672 0.5745471119880676
153.1999969482422 -1.0125168561935425 -1.1205077171325684 1.6640337705612183 -0.06132831424474716 0.7593786716461182 0.22761215269565582 0.6064443588256836
153.39999389648438 5.036585330963135 1.4755336046218872 1.3964111804962158 -0.06289543211460114 0.7270002961158752 0.22526857256889343 0.6455759406089783
153.60000610351562 -3.8367254734039307 -2.7467286586761475 4.509814262390137 -0.06705550849437714 0.7084133625030518 0.21019963920116425 0.670424222946167
154.1999969482422 7.271724700927734 1.7003748416900635 2.8683106899261475 -0.04953669756650925 0.5776530504226685 0.20704053342342377 0.7880334854125977
154.8000030517578 0.23696471750736237 -0.8397830128669739 0.2506149709224701 -0.03356335312128067 0.4614028334617615 0.1872570961713791 0.8665538430213928
155.8000030517578 0.4998267590999603 -1.0660961866378784 0.7147646546363831 -0.0042414795607328415 0.2595716118812561 0.1757880300283432 0.9495805501937866
156.8000030517578 3.6989855766296387 0.6118865609169006 2.2842228412628174 -0.2874305844306946 0.5512089133262634 0.017054466530680656 -0.7831103205680847
157.8000030517578 0.22599710524082184 -3.1534006595611572 2.6616270542144775 -0.6886166930198669 -0.028973275795578957 -0.00623112078756094 0.7245198488235474
160.1999969482422 -0.09230520576238632 -0.3965010344982147 1.450737714767456 0.06634388118982315 -0.017083048820495605 -0.029200930148363113 -0.9972234964370728
166.60000610351562 0.2623337209224701 -0.09328984469175339 -0.2570417821407318 0.014578218571841717 0.015171011909842491 -0.017775876447558403 -0.9996204376220703
167.39999389648438 0.13463599979877472 0.020198028534650803 -0.25879672169685364 -0.0025947371032088995 0.0005567602929659188 -0.011113069020211697 -0.9999348521232605
