0.0 0.0 0.0 0.0 0.0 0.0 0.0 1.0
13.399999618530273 -1.3243083953857422 -0.8607474565505981 0.017376989126205444 -0.0568816177546978 0.14351241290569305 0.08660950511693954 0.9842094779014587
15.600000381469727 0.9881712794303894 -0.8482072353363037 0.3346346914768219 -0.056956514716148376 -0.09780097752809525 0.05754366144537926 0.9919073581695557
16.399999618530273 2.08083176612854 -0.620492696762085 0.23844820261001587 -0.06691206246614456 -0.13159383833408356 0.10316930711269379 0.9836477637290955
17.200000762939453 2.6562399864196777 -0.3796462118625641 0.4834706783294678 -0.09330710768699646 -0.15418562293052673 0.07990867644548416 0.9803760647773743
18.600000381469727 2.7009499073028564 -0.19524262845516205 1.76083242893219 -0.05323673039674759 -0.18774400651454926 0.06261923164129257 0.9787742495536804
19.399999618530273 2.5912833213806152 -0.32872599363327026 1.6322181224822998 -0.0036299258936196566 -0.1582604944705963 0.11087951064109802 0.9811463952064514
21.399999618530273 2.5959129333496094 -0.5088622570037842 0.8607931733131409 -0.07223714143037796 -0.1681048721075058 0.1017274335026741 0.9778424501419067
22.0 2.5522501468658447 -0.5077824592590332 0.5855438709259033 -0.0777491107583046 -0.21229739487171173 0.072040855884552 0.9714401960372925
23.0 2.0560715198516846 -0.6287530660629272 0.2982853055000305 -0.0665963888168335 -0.2363291084766388 0.03257495164871216 0.9688411355018616
23.600000381469727 1.7963669300079346 -1.0624232292175293 0.2803209125995636 -0.08092370629310608 -0.301941454410553 -0.013877439312636852 0.9497858285903931
24.399999618530273 1.5037903785705566 -1.2729860544204712 0.37158438563346863 -0.0696546882390976 -0.3951341211795807 -0.07542160153388977 0.9128690958023071
25.200000762939453 1.5385788679122925 -1.1786400079727173 0.2788708508014679 -0.0377148799598217 -0.49672001600265503 -0.1348642110824585 0.8565396666526794
80.0 1.86886465549469 -0.9699838757514954 0.31119295954704285 -0.0679522231221199 -0.17571291327476501 0.04506450146436691 0.9810593128204346
82.19999694824219 1.696747899055481 -0.5027027726173401 -0.20881325006484985 -0.14918936789035797 -0.1657911241054535 0.030161866918206215 0.9743453860282898
82.80000305175781 1.5080041885375977 -0.5472423434257507 0.3163161277770996 -0.030312709510326385 -0.15248289704322815 0.04477342963218689 0.9868261218070984
84.19999694824219 1.544877290725708 -0.5212637186050415 0.05736660584807396 -0.1198626160621643 -0.23224107921123505 -0.012309940531849861 0.9651671648025513
85.0 1.179788589477539 -0.6363846659660339 0.26257479190826416 -0.026942037045955658 -0.26017969846725464 -0.05462585389614105 0.9636380076408386
87.4000015258789 0.7537540197372437 -1.068179965019226 -0.033647432923316956 -0.09519386291503906 -0.3322463929653168 -0.05384093150496483 0.9368316531181335
87.80000305175781 1.301877498626709 -0.9595848917961121 -0.26944300532341003 -0.00663739163428545 -0.3897475004196167 -0.037005942314863205 0.9201545715332031
89.19999694824219 1.501817226409912 -1.5698689222335815 -0.2562812864780426 -0.17550760507583618 -0.41639938950538635 -0.12976661324501038 0.8825921416282654
90.19999694824219 0.7888573408126831 -1.1441354751586914 0.47911953926086426 -0.03075461834669113 -0.48581433296203613 -0.19153271615505219 0.8522637486457825
90.80000305175781 0.5340855121612549 -1.034501314163208 0.558426022529602 0.021403169259428978 -0.5023087859153748 -0.06304387748241425 0.8621216416358948
91.5999984741211 1.005631923675537 -1.2919020652770996 -0.03228560462594032 -0.11486676335334778 -0.4726998209953308 -0.13860519230365753 0.8626404404640198
92.80000305175781 0.5511016845703125 -1.2340888977050781 -0.09665462374687195 -0.0354444645345211 -0.523302435874939 -0.15588465332984924 0.8370189070701599
94.19999694824219 0.41303977370262146 -1.5265417098999023 -0.37297487258911133 -0.13680800795555115 -0.5616618990898132 -0.22811350226402283 0.783443808555603
94.5999984741211 0.1392643004655838 -0.9839007258415222 -0.3106926679611206 -0.18566644191741943 -0.5350881218910217 -0.2517060339450836 0.7847639918327332
95.19999694824219 0.27227357029914856 -1.1727592945098877 -0.4913792014122009 -0.11710788309574127 -0.5581426024436951 -0.22294768691062927 0.790604829788208
95.5999984741211 0.27149108052253723 -1.516073226928711 -0.5122763514518738 -0.08960048854351044 -0.6052361726760864 -0.16461889445781708 0.7736691832542419
96.80000305175781 -0.09809287637472153 -1.78437340259552 -0.13454094529151917 -0.2526664435863495 -0.7002936601638794 -0.2307724505662918 0.6264919638633728
97.4000015258789 -0.2796342074871063 -1.2995257377624512 -0.11221610754728317 -0.2617541551589966 -0.7223900556564331 -0.3239670395851135 0.5519822239875793
97.80000305175781 -0.36508914828300476 -1.3766249418258667 -0.12670716643333435 -0.19185423851013184 -0.7772099375724792 -0.23785604536533356 0.5500552654266357
98.19999694824219 -0.3405042290687561 -1.4083318710327148 -0.2639854848384857 -0.12234853208065033 -0.7973378896713257 -0.1579800397157669 0.5694966912269592
99.19999694824219 -0.31296834349632263 -1.658212423324585 -0.23101788759231567 -0.20690865814685822 -0.7563342452049255 -0.32164275646209717 0.5307486057281494
99.5999984741211 -0.2846267521381378 -1.421811819076538 -0.21512097120285034 -0.2704801559448242 -0.7341617345809937 -0.3423527777194977 0.5202333331108093
100.0 -0.25610238313674927 -1.635446548461914 -0.3804651200771332 -0.2335919886827469 -0.7628211379051208 -0.26596856117248535 0.5411105751991272
100.4000015258789 -0.5803844928741455 -1.3181248903274536 -0.43534883856773376 -0.1388990879058838 -0.8357608318328857 -0.1537657082080841 0.5084946155548096
101.19999694824219 -0.1757526993751526 -1.6493570804595947 -0.340355783700943 -0.15786395967006683 -0.8687976002693176 -0.10859208554029465 0.45659545063972473
101.5999984741211 -0.23298166692256927 -1.5515735149383545 -0.44298696517944336 -0.25608113408088684 -0.8578783869743347 -0.18408901989459991 0.4056842625141144
102.19999694824219 0.6907058358192444 0.055211324244737625 6.822049140930176 -0.3009701371192932 -0.9046895503997803 -0.2181471586227417 0.208245187997818
103.19999694824219 0.6984270215034485 0.07014258205890656 6.827324390411377 -0.23430031538009644 -0.9556226134300232 -0.10798169672489166 0.14223627746105194
103.80000305175781 0.6997212767601013 0.06121521815657616 6.8358154296875 -0.22836099565029144 -0.9542996883392334 -0.1505289226770401 0.1204327791929245
104.5999984741211 0.704788088798523 0.03194859251379967 6.905482292175293 -0.27388715744018555 -0.9506832957267761 -0.08781863003969193 0.1160772368311882
106.19999694824219 0.6779744625091553 0.0229226965457201 6.822424411773682 -0.20529913902282715 -0.9689926505088806 -0.034425295889377594 0.13311614096164703
106.4000015258789 0.688169002532959 0.011206397786736488 6.823624610900879 -0.2128216028213501 -0.9640821814537048 -0.08255267143249512 0.1357853263616562
107.0 0.6674530506134033 0.006899761036038399 6.779902935028076 -0.2426467090845108 -0.9268965721130371 -0.2672252953052521 0.10285147279500961
107.5999984741211 0.6686517596244812 -0.007827782072126865 6.791593551635742 -0.20547381043434143 -0.9637409448623657 -0.08717812597751617 0.14623062312602997
108.5999984741211 0.6927241683006287 -0.07099030166864395 6.840039253234863 -0.27020493149757385 -0.9367038607597351 -0.21055863797664642 0.07239099591970444
109.80000305175781 0.7158415913581848 -0.025979898869991302 6.862191677093506 -0.20169954001903534 -0.9735987782478333 -0.04955284669995308 0.09469485282897949
110.4000015258789 0.7228006720542908 0.006196255329996347 6.8557658195495605 -0.21065296232700348 -0.9478685855865479 -0.23338668048381805 0.05198291316628456
111.4000015258789 0.7380666732788086 0.004459098447114229 6.855964183807373 -0.17757542431354523 -0.9767450094223022 -0.08650723844766617 0.08338435739278793
112.80000305175781 0.7870457768440247 -0.010727578774094582 6.839527130126953 -0.23478931188583374 -0.9347689747810364 -0.25826889276504517 0.06617465615272522
113.4000015258789 0.7348082065582275 -0.018248775973916054 6.873238563537598 -0.08913028985261917 -0.9923835396766663 -0.0810171365737915 -0.025841619819402695
113.80000305175781 0.742326557636261 -0.021737447008490562 6.818458557128906 -0.1252940446138382 -0.9891268014907837 -0.024588411673903465 -0.07297243177890778
116.19999694824219 0.7618737816810608 -0.04189048707485199 6.863162040710449 -0.17568974196910858 -0.9662558436393738 -0.16344593465328217 -0.0936361774802208
119.19999694824219 0.7168446183204651 -0.012941529043018818 6.824442386627197 -0.1363348513841629 -0.9835260510444641 -0.10816501080989838 -0.04887334629893303
121.4000015258789 0.7289603352546692 -0.012965746223926544 6.8785247802734375 -0.06440546363592148 -0.9814907312393188 -0.03712711110711098 -0.17648999392986298
122.19999694824219 2.431682586669922 -0.6401366591453552 -0.21811293065547943 0.061474524438381195 0.08734148740768433 -0.0640559121966362 -0.9922143220901489
122.80000305175781 1.9640648365020752 -0.7487409710884094 0.2677222192287445 0.05505090579390526 0.16643668711185455 -0.04795688018202782 -0.9833459258079529
123.80000305175781 1.3168998956680298 -1.0243923664093018 0.430172860622406 0.04246312752366066 0.31442511081695557 0.06981106102466583 -0.9457583427429199
124.4000015258789 1.2540266513824463 -1.1093486547470093 0.15033575892448425 0.025385309010744095 0.4011702239513397 0.12241562455892563 -0.9074321985244751
125.19999694824219 0.7115225791931152 -1.3310261964797974 0.17699407041072845 0.04182041063904762 0.541966438293457 0.1622752696275711 -0.8235226273536682
126.0 -0.12813669443130493 -1.5811864137649536 -0.395048588514328 0.13753944635391235 0.6230095028877258 0.1797451376914978 -0.7487554550170898
126.4000015258789 -0.41688448190689087 -1.4021865129470825 -0.2558720111846924 0.14311851561069489 0.7300237417221069 0.1663268804550171 -0.6472377181053162
126.80000305175781 -5.813193321228027 1.0481655597686768 -2.6516661643981934 0.13672897219657898 0.818813681602478 0.14360111951828003 -0.5387289524078369
127.0 -5.451494216918945 1.20158851146698 -3.387777328491211 0.13911029696464539 0.8483733534812927 0.1554921269416809 -0.4865531027317047
127.19999694824219 -6.6841864585876465 2.8403382301330566 -1.78365957736969 0.13890886306762695 0.890264630317688 0.15868619084358215 -0.4036724865436554
127.4000015258789 -4.51280403137207 2.4791042804718018 -2.2163445949554443 0.12597016990184784 0.9106351733207703 0.16133344173431396 -0.35895195603370667
127.5999984741211 -0.8282742500305176 1.5132344961166382 -2.3667051792144775 0.11102756857872009 0.9240250587463379 0.16214753687381744 -0.3279620409011841
127.80000305175781 1.5371085405349731 -0.2848272919654846 3.3413052558898926 0.10736294090747833 0.9447962045669556 0.15687739849090576 -0.26687490940093994
128.0 0.6224207282066345 -0.7790747880935669 5.896229267120361 0.10210802406072617 0.9617969393730164 0.1512005627155304 -0.20410488545894623
128.8000030517578 0.7972275614738464 0.03076821006834507 6.189855575561523 0.1555667668581009 0.9858582019805908 0.042644720524549484 0.04544738680124283
129.60000610351562 1.1297792196273804 -0.10352326929569244 6.1866135597229 0.114409439265728 0.9579398036003113 -0.025092599913477898 0.2619771957397461
130.39999389648438 0.5517566204071045 -1.2125346660614014 0.8498703837394714 -0.07895372807979584 0.18511971831321716 0.08820373564958572 0.975560188293457
131.1999969482422 0.9786086678504944 -1.2555882930755615 0.5627082586288452 -0.10392478853464127 -0.12368506193161011 0.044192392379045486 0.985874593257904
133.39999389648438 -0.03513484075665474 -0.7595270276069641 -0.37126725912094116 0.06681510806083679 -0.0009587425738573074 -0.03414182364940643 -0.9971807599067688
139.0 0.22465302050113678 -0.26139578223228455 -0.24698683619499207 -0.050694648176431656 -0.010404388420283794 0.01931086927652359 0.9984732866287231
139.60000610351562 -0.010717969387769699 -0.12309538573026657 -0.13237982988357544 -0.023529991507530212 0.02403169684112072 0.013492449186742306 0.9993433952331543
