1403715886584058112 0.0 0.0 0.0 0.0 0.0 0.0 1.0
1403715898184058112 0.5562466979026794 -0.6516430377960205 -0.23414739966392517 0.05928812548518181 0.010727268643677235 0.04937267675995827 0.9969613552093506
1403715898934057984 1.7282214164733887 -0.49196526408195496 -0.26733800768852234 0.022519562393426895 0.1302756667137146 0.07998611032962799 0.9879900813102722
1403715900084058112 2.981999158859253 -0.2461867481470108 0.008900638669729233 -0.005007966887205839 0.15833280980587006 0.024724038317799568 0.9870659708976746
1403715901234057984 3.1932477951049805 -0.5921934843063354 0.7871811389923096 0.12427739799022675 0.15151850879192352 0.06273672729730606 0.9786028265953064
1403715902784058112 2.4736642837524414 -0.5132836103439331 0.1970009207725525 0.009390880353748798 0.11647738516330719 0.08183147013187408 0.9897724986076355
1403715903634057984 1.9365442991256714 -0.4391706883907318 0.025953764095902443 -0.02399275079369545 -0.03893840312957764 0.012524761259555817 0.998876690864563
1403715904184058112 1.5686864852905273 -0.7891823649406433 0.07735800743103027 0.02890738844871521 -0.21902041137218475 -0.04301289841532707 0.9743444323539734
1403715905084058112 1.0969032049179077 -0.9401811361312866 0.1884472817182541 0.08504457771778107 -0.5138095021247864 -0.1648380607366562 0.8376151323318481
1403715905934057984 1.0428285598754883 -0.5193562507629395 0.16272121667861938 0.03177402541041374 -0.7301958799362183 -0.27758219838142395 0.6235015988349915
1403715906634057984 1.0975823402404785 -0.2764122188091278 -0.05512480065226555 0.07307545840740204 -0.8753641843795776 -0.3529230058193207 0.3222446143627167
1403715907234057984 1.16731858253479 -0.27249449491500854 -0.2036392092704773 0.0644521415233612 -0.9285340309143066 -0.36504825949668884 0.020304476842284203
1403715907884058112 1.3548057079315186 -0.24968555569648743 -0.4599348306655884 0.043887194246053696 -0.8941740989685059 -0.3385218679904938 -0.2897053062915802
1403715908534057984 1.4580414295196533 -0.42163756489753723 -0.44825735688209534 -0.00036052282666787505 -0.7569716572761536 -0.3041855990886688 -0.5783302187919617
1403715909384058112 1.4740617275238037 -0.48944178223609924 -0.06520112603902817 0.008724918588995934 -0.5059987306594849 -0.20227578282356262 -0.8384360074996948
1403715910034057984 1.1880669593811035 -0.5164351463317871 0.17417755722999573 -0.04582396149635315 -0.23116330802440643 -0.0962967798113823 -0.9670544862747192
1403715910584058112 0.8350552916526794 -0.5398170351982117 0.49623164534568787 -0.07756027579307556 0.037037353962659836 0.004826384596526623 -0.996288537979126
1403715911334057984 0.45509064197540283 -0.44641557335853577 0.3052317798137665 -0.08876974135637283 0.31840845942497253 0.08288872241973877 -0.9401423931121826
1403715912184058112 0.10379713028669357 -0.28150102496147156 -0.17904037237167358 -0.05223884806036949 0.523450493812561 0.19235624372959137 -0.8284160494804382
1403715912934057984 -0.20055070519447327 -0.15444537997245789 -0.7528018355369568 -0.04597470164299011 0.6798190474510193 0.25160396099090576 -0.6873352527618408
1403715913634057984 0.29992273449897766 -0.09338870644569397 -1.0576646327972412 -0.12767067551612854 0.8042633533477783 0.3059172034263611 -0.49323001503944397
1403715916834057984 -0.09167105704545975 0.851659893989563 -2.57133150100708 -0.01060466282069683 0.6111453771591187 0.20534266531467438 -0.7643458247184753
1403715919984058112 -0.2974672317504883 0.9943400621414185 -1.8423407077789307 -0.048595767468214035 0.4315824806690216 0.1938314288854599 -0.8796619176864624
1403715921784058112 -0.787003755569458 0.47747406363487244 -2.1459507942199707 -0.037697091698646545 0.5301499962806702 0.20810091495513916 -0.8211056590080261
1403715923084058112 -0.8971821665763855 -0.21948349475860596 -2.4357337951660156 -0.06256412714719772 0.5229735374450684 0.19621072709560394 -0.8270960450172424
1403715925184058112 -0.19047702848911285 0.1725398153066635 -2.1713008880615234 -0.0701209157705307 0.4223915636539459 0.1175580769777298 -0.8960188627243042
1403715925834057984 0.07795824110507965 0.10392428934574127 -1.60408353805542 -0.029896404594182968 0.25084245204925537 0.03550519049167633 -0.9669150710105896
1403715926384058112 0.6725640296936035 0.09964025020599365 -1.4157285690307617 -0.0683569684624672 0.05726037919521332 -0.048895012587308884 -0.99481600522995
1403715926984058112 1.4018579721450806 0.33023881912231445 -1.1617040634155273 -0.025656230747699738 -0.156020849943161 -0.08025509119033813 -0.9841547012329102
1403715927884058112 1.988226294517517 0.4921160638332367 -1.2513126134872437 -0.08571910113096237 -0.39878857135772705 -0.1291266232728958 -0.9038529396057129
1403715928434057984 1.8974124193191528 0.7289360761642456 -1.4497694969177246 -0.050121188163757324 -0.6069227457046509 -0.22224882245063782 -0.7614060640335083
1403715928934057984 1.497212290763855 0.9666089415550232 -1.6852413415908813 0.03592641279101372 -0.6408185362815857 -0.31739693880081177 -0.6980832815170288
1403715931684058112 2.1219263076782227 0.5861209034919739 -1.9741542339324951 0.04438668489456177 -0.6095138192176819 -0.29177558422088623 -0.7357926964759827
1403715932334057984 3.014638900756836 0.5902506709098816 -1.912278413772583 -0.071621373295784 -0.6444775462150574 -0.18780577182769775 -0.7377321720123291
1403715933434057984 2.1867783069610596 0.26087892055511475 -2.05953049659729 0.08895134180784225 -0.5848936438560486 -0.34557241201400757 -0.7284002900123596
1403715934284058112 2.569157838821411 -0.00030332632013596594 -2.1614816188812256 -0.06537516415119171 -0.6571742296218872 -0.20340394973754883 -0.7228245139122009
1403715935434057984 1.8532192707061768 -0.08665154874324799 -2.2007665634155273 0.076498843729496 -0.5936115980148315 -0.3350216746330261 -0.7276921272277832
1403715938134057984 1.433345079421997 0.38258448243141174 -1.6577130556106567 0.06690308451652527 -0.44444116950035095 -0.25347277522087097 -0.8565913438796997
1403715939284058112 2.007256507873535 0.11536136269569397 -0.9705314636230469 0.01828550547361374 -0.3119736313819885 -0.1576450616121292 -0.9367445707321167
1403715939934057984 2.362665891647339 -0.12098696827888489 -0.49116235971450806 -0.19492080807685852 -0.35348787903785706 -0.08460816740989685 -0.9109859466552734
1403715940534057984 2.020202398300171 -0.271405428647995 -0.7660537958145142 0.0962572693824768 -0.3098498284816742 -0.19294129312038422 -0.9260134100914001
1403715941284058112 2.266248941421509 -0.7349543571472168 -0.46852579712867737 -0.09098795056343079 -0.3475312292575836 -0.1353413164615631 -0.9233788847923279
1403715942534057984 1.826008677482605 -0.34678998589515686 -0.6810072064399719 0.07722000777721405 -0.3056846261024475 -0.2075997292995453 -0.9260108470916748
1403715945234057984 1.9376145601272583 -0.18019191920757294 -0.5028480291366577 -0.09587159007787704 -0.07278520613908768 -0.009611680172383785 -0.9926833510398865
1403715947184058112 1.4417366981506348 -0.9933651089668274 -0.7987265586853027 -0.15076668560504913 0.001120300032198429 -0.017367800697684288 -0.9884158968925476
1403715947834057984 1.4048677682876587 -0.5310120582580566 -0.814898669719696 0.048909999430179596 0.02449413575232029 -0.042516499757766724 -0.9975972175598145
1403715950284058112 1.007665753364563 -0.3824772238731384 0.10144713521003723 -0.043336544185876846 0.23565709590911865 0.10609839111566544 -0.9650553464889526
1403715952234057984 0.4041987657546997 -0.5843725800514221 -0.25656187534332275 -0.0811631977558136 0.4358106851577759 0.10914655029773712 -0.8897005915641785
1403715953634057984 1.0091160535812378 -0.5595903992652893 -0.3409550189971924 0.10411244630813599 0.49627307057380676 0.2837993800640106 -0.8138378858566284
1403715954284058112 0.6774330139160156 -0.6811492443084717 -0.25170260667800903 -0.12899059057235718 0.5759800672531128 0.2546374201774597 -0.7660086154937744
1403715955534057984 0.8024271130561829 -0.4004894196987152 -0.6917338371276855 0.07622408121824265 0.5614964365959167 0.2828904092311859 -0.7738767266273499
1403715956134057984 0.3930850625038147 -0.5006741881370544 -0.8601906895637512 -0.08859619498252869 0.6791843175888062 0.24054422974586487 -0.6877484917640686
1403715957334057984 1.1170254945755005 -0.5508866906166077 -0.821770191192627 0.022542918100953102 0.7487631440162659 0.3873831331729889 -0.5373830795288086
1403715958334057984 0.9360910654067993 -0.15776978433132172 -1.1062222719192505 -0.12434110790491104 0.8553352355957031 0.20991402864456177 -0.4570310413837433
1403715959134057984 1.2025545835494995 0.005169935058802366 -0.9705641865730286 0.009626118466258049 0.8890126943588257 0.35352763533592224 -0.29083094000816345
1403715960434057984 1.3324129581451416 0.0024367545265704393 -1.1398885250091553 -0.08134736120700836 0.9714227318763733 0.1832592785358429 -0.12702782452106476
1403715960984058112 1.534186840057373 -0.14782008528709412 -0.8475382328033447 -0.057370539754629135 0.8749730587005615 0.45469802618026733 -0.15614444017410278
1403715961884058112 1.6545348167419434 -0.23419077694416046 -1.2440447807312012 -0.04849754273891449 0.9577599763870239 0.278641015291214 -0.05200423300266266
1403715962884058112 1.6333563327789307 -0.37100958824157715 -0.6164174675941467 0.052653271704912186 0.9038265347480774 0.4060744643211365 0.12421493977308273
1403715963234057984 1.4788873195648193 -0.2399853765964508 -0.25461140275001526 -0.06124911457300186 0.8211261034011841 0.5351446866989136 0.1887328177690506
1403715965134057984 1.4659055471420288 0.041040681302547455 -0.1638891100883484 0.03547831252217293 0.8685427904129028 0.30503028631210327 0.3890152871608734
1403715969434057984 1.277273416519165 -0.3685918152332306 0.21247680485248566 -0.10246392339468002 0.7453458309173584 0.48108595609664917 0.4500199556350708
1403715970234057984 1.558929443359375 -0.3152439296245575 0.20905983448028564 0.029874030500650406 0.8375478982925415 0.245743989944458 0.4870644807815552
1403715970984058112 1.608858585357666 -0.4790874719619751 0.6327494978904724 -0.021338218823075294 0.7376688718795776 0.49347904324531555 0.4602915048599243
1403715971684058112 1.8819189071655273 -0.6137504577636719 0.28673988580703735 -0.05672072246670723 0.7539548873901367 0.23001469671726227 0.6127230525016785
1403715977884058112 1.7929985523223877 -0.41567379236221313 -0.6308000087738037 0.007664939854294062 0.36717239022254944 0.14732933044433594 0.9183792471885681
1403715978584058112 1.704532504081726 -0.5575571060180664 -0.19993002712726593 0.05040070414543152 0.08254795521497726 0.02298620156943798 0.9950470328330994
1403715979184058112 1.2446454763412476 -0.6851337552070618 0.1855006217956543 0.06387020647525787 -0.182766392827034 -0.06634984165430069 0.978833794593811
1403715979834057984 0.7456946969032288 -0.7573391795158386 0.040957462042570114 0.11033841222524643 -0.4407106637954712 -0.1851576268672943 0.8713881373405457
1403715980384058112 0.5568047165870667 -0.6532216668128967 -0.4171959459781647 0.11939293891191483 -0.6591590046882629 -0.2329394370317459 0.7049780488014221
1403715980834057984 0.7947008013725281 -0.5436580181121826 -0.7805765867233276 0.0853133574128151 -0.8114517331123352 -0.25754180550575256 0.5176294445991516
1403715981434057984 0.9343931078910828 -0.2768101990222931 -1.2793458700180054 0.05069241300225258 -0.9360687136650085 -0.2856385111808777 0.19904005527496338
1403715982034057984 1.2301042079925537 -0.3732284605503082 -1.0935466289520264 0.031006945297122 -0.930911123752594 -0.3243931829929352 -0.16496317088603973
1403715982734057984 1.6341266632080078 -0.5656190514564514 -0.6907266974449158 0.017991546541452408 -0.822165846824646 -0.30145958065986633 -0.4825367331504822
1403715983234057984 1.838905930519104 -0.6717814207077026 -0.3019457757472992 -0.01518574170768261 -0.6653331518173218 -0.25557875633239746 -0.7012709379196167
1403715983784058112 1.736374855041504 -0.9917884469032288 0.31535977125167847 -0.08376564830541611 -0.4522792398929596 -0.1750495731830597 -0.8705081939697266
1403715984234057984 1.5205830335617065 -1.140278697013855 0.6743582487106323 -0.09376922994852066 -0.2595979869365692 -0.1343628466129303 -0.9517160058021545
1403715984834057984 1.01128351688385 -1.1712532043457031 0.42693275213241577 -0.04736979678273201 -0.006956789176911116 -0.043993666768074036 -0.9978839755058289
1403715985934057984 0.3092817962169647 -0.8268631100654602 -0.13589729368686676 0.014119777828454971 0.05461622774600983 -0.03938368707895279 -0.9976305961608887
1403715990684058112 0.17238961160182953 0.0222666934132576 -0.1742207556962967 -0.0070146904326975346 -0.021293312311172485 -0.0111574437469244 -0.9996866583824158
1403715991034057984 0.06370339542627335 0.17557944357395172 -0.15028037130832672 -0.023329582065343857 -0.030431091785430908 -0.01275158952921629 -0.9991834163665771
