1305031910.765238 0.0 0.0 0.0 0.0 0.0 0.0 1.0
1305031911.533251 -0.1511615663766861 -0.036724161356687546 -0.003735196078196168 0.04874730855226517 -0.22859276831150055 -0.14165516197681427 0.9619268178939819
1305031912.697182 -0.1770409792661667 -0.07226162403821945 0.0874876081943512 0.026652805507183075 -0.48925918340682983 -0.3296913504600525 0.8069815635681152
1305031913.497227 -0.12035170197486877 -0.06640169024467468 0.24579554796218872 0.06887126713991165 -0.32278451323509216 -0.1708921194076538 0.9283660054206848
1305031913.897116 0.0011067453306168318 -0.019282139837741852 0.08764971792697906 0.030167680233716965 -0.05641178414225578 0.0003877686685882509 0.997951865196228
1305031914.397215 0.17669035494327545 0.0870283767580986 -0.17146462202072144 0.036746546626091 0.10645987838506699 0.1115586906671524 0.9873561859130859
1305031915.733046 0.9485189914703369 0.18470554053783417 -0.23108114302158356 0.010816218331456184 -0.04908711463212967 -0.11322037130594254 0.9922980666160583
1305031916.401006 1.3641694784164429 0.06313370913267136 -0.279942125082016 0.1557193398475647 -0.2899099886417389 -0.23080748319625854 0.9156596064567566
1305031916.901017 1.4019972085952759 -0.08851975202560425 -0.19067701697349548 0.2898651957511902 -0.4241176247596741 -0.18320965766906738 0.8381748199462891
1305031917.601069 1.6919713020324707 -0.1299416571855545 -0.06702684611082077 0.3634708821773529 -0.49449869990348816 -0.17211242020130157 0.770544171333313
1305031918.065137 1.8162622451782227 -0.2537590265274048 0.13608811795711517 0.12158992886543274 -0.509139895439148 -0.29867053031921387 0.7979912757873535
1305031918.533134 1.8551909923553467 -0.3564668893814087 0.4447324872016907 -0.0013561318628489971 -0.44855067133903503 -0.4305185377597809 0.7832328081130981
1305031920.001054 1.906139612197876 -0.8942957520484924 0.9339536428451538 -0.007557263597846031 -0.6982293128967285 -0.555334746837616 0.4516863226890564
1305031920.633105 1.6900831460952759 -0.9826251864433289 1.0261951684951782 0.04073323681950569 -0.6938554644584656 -0.4639776349067688 0.5492101311683655
1305031921.001108 1.6133700609207153 -1.0720915794372559 1.0542713403701782 0.10455231368541718 -0.6031481623649597 -0.37670189142227173 0.695253849029541
1305031921.701068 1.5266555547714233 -1.227536916732788 1.1497739553451538 0.15041454136371613 -0.4155520498752594 -0.29541996121406555 0.8470062613487244
1305031922.501312 1.4147472381591797 -1.243557333946228 1.1804317235946655 0.10687939077615738 -0.13666003942489624 -0.2005465179681778 0.964200496673584
1305031923.633244 1.517204761505127 -1.1905502080917358 1.1781738996505737 0.137263685464859 0.07913137227296829 -0.03382664546370506 0.9867891669273376
1305031925.033148 1.803380012512207 -0.877934455871582 0.9117234349250793 0.19325631856918335 -0.002665909007191658 -0.06687942892313004 0.9788630604743958
1305031926.133181 2.032679796218872 -0.5820919275283813 0.8029460310935974 0.12408838421106339 0.04028641805052757 -0.02571248635649681 0.9911208748817444
1305031926.869333 2.190220594406128 -0.44369831681251526 0.6576083898544312 0.10996675491333008 0.2549389898777008 0.13216930627822876 0.9515485763549805
1305031927.369147 2.27290940284729 -0.2431538701057434 0.500717043876648 0.014530244283378124 0.38816165924072266 0.31051933765411377 0.8675816655158997
1305031928.633595 2.54437518119812 0.1084166169166565 0.18723028898239136 -0.03964739665389061 0.4782407283782959 0.4007219076156616 0.7804728150367737
1305031929.033640 2.5774598121643066 0.07130496948957443 0.054490115493535995 0.07210860401391983 0.6234772205352783 0.36739516258239746 0.6863651275634766
1305031929.301292 2.5500195026397705 -0.019646529108285904 -0.02414524368941784 0.1491846889257431 0.7267166376113892 0.32504215836524963 0.5864933729171753
1305031929.901292 2.357525110244751 -0.2259507030248642 0.03581022098660469 0.26844605803489685 0.8033419847488403 0.2143690586090088 0.48644062876701355
1305031930.633126 2.3877475261688232 -0.009821578860282898 -0.10897375643253326 0.16227591037750244 0.8359177708625793 0.3389882743358612 0.3999943137168884
1305031931.168900 2.2688655853271484 0.1143793836236 -0.07162165641784668 0.0604565367102623 0.756913959980011 0.5089121460914612 0.40550675988197327
1305031932.101294 2.4050464630126953 0.2481507956981659 -0.02972857654094696 0.02659238688647747 0.7369869947433472 0.6583448648452759 0.1507495939731598
1305031932.800821 2.539231061935425 0.2765786051750183 -0.12990006804466248 0.09480906277894974 0.7180715203285217 0.5858944654464722 0.3634716868400574
1305031934.200808 2.497671604156494 0.3199295103549957 -0.08931814134120941 0.0432669036090374 0.8026564121246338 0.5920066237449646 0.05831770971417427
1305031935.400848 1.9932568073272705 0.24291835725307465 -0.1738521009683609 0.01735789328813553 0.8216031789779663 0.538417637348175 0.1864778846502304
1305031935.768974 1.8270500898361206 0.17428132891654968 -0.2540065348148346 0.013439671136438847 0.8848403692245483 0.4614202082157135 0.06300559639930725
1305031936.237546 1.7481815814971924 0.20677612721920013 -0.4119745194911957 -0.040259379893541336 0.9356210827827454 0.3437979817390442 -0.06926204264163971
1305031937.400796 1.4098186492919922 0.41455110907554626 -0.43673035502433777 0.08418168127536774 0.8573715686798096 0.505307137966156 -0.04993809014558792
1305031938.036945 1.28145170211792 0.6661062240600586 -0.3673543334007263 0.06348232924938202 0.7300547957420349 0.6713281273841858 -0.11093997955322266
1305031938.800781 1.0781567096710205 0.6295328736305237 -0.3251434862613678 -0.036404721438884735 0.7242410182952881 0.6061931252479553 -0.3266170918941498
1305031939.237165 0.9774375557899475 0.5032376646995544 -0.37192291021347046 -0.12360262125730515 0.8109878301620483 0.44374793767929077 -0.3607071340084076
1305031940.104265 0.882253885269165 0.22786064445972443 -0.332340270280838 -0.15382078289985657 0.7922660708427429 0.3328205347061157 -0.4877334237098694
1305031940.603364 0.8936116099357605 0.3006395399570465 -0.29550179839134216 -0.12210246920585632 0.636796772480011 0.29448291659355164 -0.7020407319068909
1305031941.501458 0.5324566960334778 0.41916412115097046 -0.14929893612861633 -0.06098083406686783 0.43338897824287415 0.2600717544555664 -0.8607083559036255
1305031943.971278 -0.03636127710342407 0.1838836967945099 -0.00834097620099783 -0.13514816761016846 0.380299836397171 0.24719804525375366 -0.8809092044830322
1305031944.969076 0.07983390241861343 0.14192800223827362 -0.05860869586467743 -0.12679699063301086 0.11897389590740204 0.09030082821846008 -0.9806192517280579
1305031945.569071 0.19472092390060425 0.07200119644403458 -0.023611219599843025 -0.34681594371795654 0.14025969803333282 0.05034402385354042 -0.9260196685791016
1305031946.069057 0.36121827363967896 0.10398953408002853 0.0045805443078279495 -0.17116300761699677 0.035691022872924805 0.027218442410230637 -0.9842201471328735
1305031946.869090 0.47049203515052795 0.3078645169734955 -0.18715880811214447 -0.06413273513317108 -0.012366860173642635 0.02828974649310112 -0.997463583946228
1305031948.868835 1.2788143157958984 0.13562814891338348 0.022316861897706985 -0.04334597662091255 0.19852039217948914 0.26951685547828674 -0.9413142800331116
1305031950.136997 1.4660975933074951 -0.2434092015028 0.2089032232761383 -0.13264687359333038 0.359252393245697 0.29811882972717285 -0.8743389844894409
1305031950.436983 1.4878448247909546 -0.35896462202072144 0.11809305846691132 -0.31576547026634216 0.36298495531082153 0.20453356206417084 -0.8524672985076904
1305031951.204914 1.6210367679595947 -0.25627419352531433 0.30059805512428284 -0.14150799810886383 0.38163894414901733 0.292968213558197 -0.8651572465896606
1305031951.736828 1.77423095703125 -0.3243866562843323 0.5391908288002014 -0.010261342860758305 0.34295982122421265 0.41877874732017517 -0.8407723307609558
1305031953.137098 1.7862217426300049 -0.613163411617279 0.8533706068992615 -0.06613949686288834 0.5867898464202881 0.425742506980896 -0.6855999827384949
1305031955.337035 1.8118737936019897 -0.3720747232437134 0.3960775136947632 -0.04658566787838936 0.3260006308555603 0.39220958948135376 -0.8589092493057251
