1403715886584058112 0.0 0.0 0.0 0.0 0.0 0.0 1.0
1403715898184058112 0.6205413937568665 -0.7317593693733215 -0.42495304346084595 0.05338176712393761 0.0037320032715797424 0.04469277709722519 0.9975659847259521
1403715898984058112 1.8440215587615967 -0.5647062063217163 -0.5208384990692139 0.013523304834961891 0.14337816834449768 0.07512965798377991 0.986719012260437
1403715900184058112 3.168337345123291 -0.35339316725730896 -0.14532257616519928 -0.010828753933310509 0.17001205682754517 0.009546777233481407 0.9853355288505554
1403715903484058112 2.1148579120635986 -0.4951930046081543 -0.2114897519350052 -0.029904861003160477 0.003011842956766486 0.01639118790626526 0.9994136095046997
1403715904084058112 1.7172737121582031 -0.7913476824760437 -0.16059760749340057 0.02082740142941475 -0.1751483678817749 -0.030119800940155983 0.9838616847991943
1403715904984058112 1.2640944719314575 -1.0771737098693848 0.01323742140084505 0.06769686937332153 -0.4799961447715759 -0.15694281458854675 0.860459566116333
1403715905884058112 1.1608418226242065 -0.7340337038040161 0.03398960828781128 0.02115931548178196 -0.7218828797340393 -0.26571476459503174 0.6386190056800842
1403715906584058112 1.150902271270752 -0.4362408220767975 -0.14485721290111542 0.06510227918624878 -0.8712003827095032 -0.3493458926677704 0.33872082829475403
1403715907184058112 1.1884666681289673 -0.2943223714828491 -0.3992588520050049 0.051449164748191833 -0.9347758889198303 -0.3485470414161682 0.04542286694049835
1403715907884058112 1.4020880460739136 -0.34555304050445557 -0.6023186445236206 0.041090309619903564 -0.9002242684364319 -0.323468416929245 -0.28857702016830444
1403715908584058112 1.6070019006729126 -0.46156930923461914 -0.5405744314193726 -0.0035189175978302956 -0.7575513124465942 -0.2804260551929474 -0.5894618034362793
1403715909484058112 1.4939348697662354 -0.5667921900749207 -0.2635449171066284 0.0056017679162323475 -0.4782896041870117 -0.17316026985645294 -0.8609430193901062
1403715910084058112 1.2156602144241333 -0.6226674914360046 0.09114602953195572 -0.04257673770189285 -0.21225672960281372 -0.07936114072799683 -0.9730547070503235
1403715910684058112 0.8227114677429199 -0.6068399548530579 0.2979905605316162 -0.07047205418348312 0.07043488323688507 0.02410505712032318 -0.9947331547737122
1403715911384058112 0.4028700292110443 -0.49198269844055176 0.1556568443775177 -0.07951023429632187 0.32688069343566895 0.09073276817798615 -0.937333881855011
1403715912284058112 0.17254352569580078 -0.3566744923591614 -0.4301682412624359 -0.04253953695297241 0.5459781885147095 0.19139941036701202 -0.8145332932472229
1403715912984058112 0.09570018947124481 -0.3007301688194275 -0.9628115296363831 -0.04086308553814888 0.7009906768798828 0.24963988363742828 -0.6667994856834412
1403715913684058112 0.13497216999530792 -0.06510273367166519 -1.317301630973816 -0.12854020297527313 0.8108302354812622 0.2930944859981537 -0.49002864956855774
1403715916784058112 -0.18103113770484924 0.7961177229881287 -2.837467670440674 -0.0019341749139130116 0.6172296404838562 0.21176522970199585 -0.7577468752861023
1403715919984058112 -0.30908626317977905 0.953857421875 -2.140517234802246 -0.035300787538290024 0.428993284702301 0.19355058670043945 -0.8816224336624146
1403715921784058112 -0.8304998874664307 0.4234488308429718 -2.420707941055298 -0.026807863265275955 0.5291410684585571 0.20326608419418335 -0.823393702507019
1403715923084058112 -0.9749361276626587 -0.3322984278202057 -2.639043092727661 -0.05162372067570686 0.5332990884780884 0.19759872555732727 -0.8209033012390137
1403715925184058112 -0.3983438313007355 0.06224177032709122 -2.19454026222229 -0.05537424236536026 0.43955227732658386 0.11780459433794022 -0.8887363076210022
1403715925884058112 0.12805838882923126 0.01665896736085415 -1.879587173461914 -0.01987454853951931 0.2323838770389557 0.030402006581425667 -0.971946120262146
1403715926484058112 0.8091027736663818 0.08115051686763763 -1.5266355276107788 -0.07770534604787827 0.010467257350683212 -0.04947701096534729 -0.9956932067871094
1403715927184058112 1.6721364259719849 0.3173182010650635 -1.4325910806655884 -0.026566211134195328 -0.2151586413383484 -0.07476317882537842 -0.9733514189720154
1403715928184058112 2.0605626106262207 0.5529643893241882 -1.660103678703308 -0.042049191892147064 -0.5155218839645386 -0.17117486894130707 -0.8385518789291382
1403715928784058112 1.7209068536758423 0.9284437894821167 -1.9122637510299683 -0.009373223409056664 -0.6619601249694824 -0.27736368775367737 -0.6962692141532898
1403715931884058112 2.519320011138916 0.5554358959197998 -2.30876088142395 0.032447461038827896 -0.6120292544364929 -0.26427406072616577 -0.7446669340133667
1403715932484058112 3.1557350158691406 0.4812927544116974 -2.3005475997924805 -0.10229881852865219 -0.6432276964187622 -0.14903809130191803 -0.7440302968025208
1403715933384058112 2.4183366298675537 0.2366296797990799 -2.3686344623565674 0.07106710970401764 -0.5985813140869141 -0.31217479705810547 -0.7343007326126099
1403715934284058112 2.709871768951416 -0.1260845810174942 -2.4693245887756348 -0.06328075379133224 -0.663605809211731 -0.19307152926921844 -0.7199621200561523
1403715935484058112 1.8661903142929077 -0.18475748598575592 -2.5002312660217285 0.08884606510400772 -0.598055362701416 -0.33008071780204773 -0.7249035835266113
1403715938484058112 1.6063623428344727 0.27905482053756714 -1.809659719467163 0.02850605733692646 -0.38862165808677673 -0.16431406140327454 -0.9061793088912964
1403715939584058112 2.3554086685180664 -0.07795603573322296 -0.8906897902488708 -0.09604589641094208 -0.3370129466056824 -0.10686898231506348 -0.9304710626602173
1403715940784058112 2.022477865219116 -0.4178963899612427 -1.02986741065979 0.19611743092536926 -0.28974491357803345 -0.231871098279953 -0.9076463580131531
1403715941184058112 2.2678122520446777 -0.7530012130737305 -0.752835750579834 -0.011921141296625137 -0.34499591588974 -0.14680051803588867 -0.9269779324531555
1403715941684058112 2.5526161193847656 -1.0611693859100342 -0.39205339550971985 -0.21584780514240265 -0.3581334054470062 -0.10389211773872375 -0.9024174213409424
1403715942384058112 2.073012113571167 -0.6373161673545837 -0.7748117446899414 0.022512270137667656 -0.3301515579223633 -0.17181533575057983 -0.9278863072395325
1403715942884058112 1.7380303144454956 -0.08034378290176392 -0.9948561191558838 0.15184199810028076 -0.2989917993545532 -0.20440107583999634 -0.9196569323539734
1403715943584058112 2.055673122406006 0.025971855968236923 -0.5726265907287598 -0.10613731294870377 -0.31582486629486084 -0.10110139846801758 -0.9374266266822815
1403715944584058112 1.835834264755249 0.01534662488847971 -0.9121105074882507 0.12651069462299347 -0.1979607194662094 -0.1602480411529541 -0.9587108492851257
1403715945184058112 1.96868097782135 -0.22106800973415375 -0.7531822919845581 -0.0688428282737732 -0.08702341467142105 -0.009628202766180038 -0.9937776923179626
1403715947184058112 1.5989665985107422 -0.914280891418457 -0.5748879909515381 -0.1994873732328415 0.015894262120127678 -0.009984270669519901 -0.9797208309173584
1403715947884058112 1.4783400297164917 -0.5854097604751587 -1.019925594329834 0.07287795841693878 0.020772667601704597 -0.03150761500000954 -0.9966266751289368
1403715950284058112 1.1318165063858032 -0.41389286518096924 -0.1847354769706726 -0.0417717844247818 0.23233886063098907 0.11173861473798752 -0.9652921557426453
1403715952284058112 0.48891857266426086 -0.692039430141449 -0.47697150707244873 -0.08816663175821304 0.4481123387813568 0.10396821051836014 -0.8835225105285645
1403715953584058112 1.1102745532989502 -0.73572838306427 -0.5317484140396118 0.1117585301399231 0.4977822005748749 0.2693652808666229 -0.8168023228645325
1403715954284058112 0.6420913338661194 -0.7487149238586426 -0.3450692892074585 -0.1223234161734581 0.5825378894805908 0.2546965777873993 -0.7621135711669922
1403715955584058112 0.795337438583374 -0.47618237137794495 -0.8424466848373413 0.10400934517383575 0.5621369481086731 0.2873471975326538 -0.7685166001319885
1403715956184058112 0.49145111441612244 -0.5809357166290283 -0.9833191633224487 -0.10252866894006729 0.7006956934928894 0.22429513931274414 -0.6694821119308472
1403715957384058112 1.2522273063659668 -0.6849260330200195 -0.9851009845733643 0.04660305008292198 0.7429602146148682 0.3973391056060791 -0.5366208553314209
1403715958284058112 0.9732799530029297 -0.293575257062912 -1.3158427476882935 -0.10423214733600616 0.8477887511253357 0.21794983744621277 -0.4721105396747589
1403715959184058112 1.3030394315719604 -0.11815395951271057 -1.0990040302276611 0.01655699498951435 0.8881776332855225 0.36390355229377747 -0.28007379174232483
1403715960384058112 1.3732885122299194 -0.055476125329732895 -1.391278862953186 -0.07188856601715088 0.9725162982940674 0.17861250042915344 -0.13092996180057526
1403715960984058112 1.6063668727874756 -0.2845922112464905 -1.0138113498687744 -0.04678889364004135 0.8811485767364502 0.44357940554618835 -0.15692545473575592
1403715961884058112 1.7809851169586182 -0.39067187905311584 -1.4204118251800537 -0.044956501573324203 0.9601321220397949 0.2686649560928345 -0.0628044381737709
1403715962884058112 1.749712347984314 -0.444502592086792 -0.8319922089576721 0.056078072637319565 0.9095920920372009 0.39378660917282104 0.12012827396392822
1403715963284058112 1.5012925863265991 -0.2955915629863739 -0.3277615010738373 -0.059647757560014725 0.8223951458930969 0.5294289588928223 0.19953475892543793
1403715965084058112 1.5969371795654297 -0.014399529434740543 -0.3254076838493347 0.03445453569293022 0.8741159439086914 0.3034283518791199 0.37771084904670715
1403715969484058112 1.2237027883529663 -0.5378454327583313 0.17310580611228943 -0.11146166920661926 0.7560667395591736 0.46982166171073914 0.44182273745536804
1403715970184058112 1.6257106065750122 -0.41603413224220276 0.15274479985237122 0.008109893649816513 0.8477904796600342 0.24510546028614044 0.4702224135398865
1403715971084058112 1.6120083332061768 -0.6237708330154419 0.5236629843711853 -0.05176207795739174 0.7308775782585144 0.5023771524429321 0.45908090472221375
1403715971684058112 1.9390259981155396 -0.6976094245910645 0.1281280666589737 -0.05587521567940712 0.7604445815086365 0.21519632637500763 0.6101577877998352
1403715977884058112 1.9300459623336792 -0.5133399963378906 -0.7994837164878845 0.0020369074773043394 0.37128520011901855 0.1392275094985962 0.9180201292037964
1403715978584058112 1.7593640089035034 -0.6777719259262085 -0.35225218534469604 0.040195439010858536 0.09306088089942932 0.016594981774687767 0.9947100281715393
1403715979184058112 1.3305258750915527 -0.7794275879859924 -0.08054540306329727 0.053363800048828125 -0.17738057672977448 -0.07082370668649673 0.9801390171051025
1403715979884058112 0.8133168816566467 -0.8399894833564758 -0.16391003131866455 0.10565705597400665 -0.4645266830921173 -0.18830257654190063 0.8588331341743469
1403715980484058112 0.561005175113678 -0.7163583636283875 -0.706744909286499 0.10472951829433441 -0.6943591833114624 -0.23319756984710693 0.6726922988891602
1403715980984058112 0.6650054454803467 -0.510888934135437 -1.2219834327697754 0.06275306642055511 -0.8486877679824829 -0.26350900530815125 0.45426318049430847
1403715981584058112 1.0754013061523438 -0.3101705312728882 -1.5201940536499023 0.030914707109332085 -0.9587195515632629 -0.26096266508102417 0.10862591862678528
1403715982184058112 1.480042815208435 -0.4360278844833374 -1.318717360496521 0.03370443731546402 -0.9209271669387817 -0.3140523135662079 -0.2283167839050293
1403715982884058112 1.8138114213943481 -0.7015818357467651 -0.746013879776001 0.010478422977030277 -0.7898648381233215 -0.2777552306652069 -0.5466768145561218
1403715983484058112 1.8956106901168823 -0.9658470749855042 -0.1262587159872055 -0.027275750413537025 -0.5857616066932678 -0.2109198272228241 -0.7820824384689331
1403715983984058112 1.7045742273330688 -1.1748807430267334 0.290828675031662 -0.09835989773273468 -0.36983463168144226 -0.14143434166908264 -0.9129865169525146
1403715984584058112 1.2176960706710815 -1.264547348022461 0.38186585903167725 -0.07774682343006134 -0.1366107016801834 -0.07535786181688309 -0.9846900701522827
1403715985284058112 0.6944400668144226 -1.1969068050384521 -0.0028060474433004856 -0.057375531643629074 0.10117210447788239 0.03252328187227249 -0.9926804304122925
1403715987884058112 -0.08067869395017624 -0.27167531847953796 -0.4942084550857544 0.00391502445563674 -0.03838476911187172 -0.031314458698034286 -0.9987649321556091
1403715990784058112 0.1289677768945694 0.020050732418894768 -0.37688806653022766 0.0007561316015198827 -0.029762975871562958 -0.011141539551317692 -0.9994945526123047
1403715991084058112 0.029241543263196945 0.12205958366394043 -0.3011457324028015 -0.009427799843251705 -0.03502868115901947 -0.01208550576120615 -0.9992687702178955
