0.0 0.0 0.0 0.0 0.0 0.0 0.0 1.0
0.03333333507180214 -0.0030282060615718365 -0.003511356422677636 0.0042210109531879425 -0.0011033025803044438 0.0020520405378192663 -0.00024535818374715745 0.9999973177909851
0.06666667014360428 -6.678099452983588e-05 -0.006096856202930212 0.00560283288359642 -0.001446818234398961 0.0007639537216164172 0.000279498053714633 0.9999988079071045
0.10000000149011612 -0.0010489047272130847 -0.005219219718128443 0.0024031526409089565 -0.001217305427417159 0.000507181219290942 -8.460745448246598e-06 0.9999991655349731
0.13333334028720856 -0.0023994464427232742 -0.0014986104797571898 0.005439356900751591 -0.0005415788036771119 0.0016070608980953693 -0.0008033296908251941 0.9999982118606567
0.1666666716337204 -0.0015306298155337572 -0.0029023245442658663 0.007467408664524555 -0.0006935752462595701 0.001645022421143949 -0.000134796675411053 0.9999983906745911
0.20000000298023224 -0.0015964274061843753 -0.0030466916505247355 0.0036883587017655373 -0.000669263128656894 0.0013280230341479182 1.6236290321103297e-05 0.9999988675117493
0.23333333432674408 -0.0019542938098311424 -0.004002335947006941 0.0031971631105989218 -0.0010259635746479034 0.0015308464644476771 0.00013256652164272964 0.9999983310699463
0.2666666805744171 -0.0015326106222346425 -0.003147423267364502 0.002697204239666462 -0.0006956913275644183 0.0011034272611141205 -0.00015341193648055196 0.9999992251396179
0.30000001192092896 0.000182181567652151 -0.006738234777003527 0.04162859544157982 0.002695275004953146 0.001111681922338903 -0.0004664246516767889 0.9999957084655762
0.3333333432674408 -0.014419634826481342 -0.007546031381934881 0.13457274436950684 0.005093200132250786 0.009129024110734463 -0.0022436180151998997 0.9999428391456604
