0.0 0.0 0.0 0.0 0.0 0.0 0.0 1.0
0.03333333507180214 -0.04215525835752487 0.009439390152692795 -0.6796849966049194 0.0011761174537241459 0.007871770299971104 -0.0014713258715346456 0.9999673962593079
0.06666667014360428 -0.06680616736412048 0.02630460634827614 -0.8548628687858582 0.0025170166045427322 0.01018502563238144 -0.0016012937994673848 0.9999437928199768
0.10000000149011612 -0.026729946956038475 0.002454804489389062 -0.40007176995277405 0.0005174535908736289 0.005026699043810368 -0.0009381783893331885 0.9999869465827942
0.13333334028720856 -0.042743220925331116 0.021017223596572876 -0.44581398367881775 0.0007134753977879882 0.005078559275716543 0.0001978780928766355 0.9999868273735046
0.1666666716337204 -0.02985481545329094 0.04019191116094589 0.8108086585998535 -0.0015088061336427927 0.002628378802910447 0.0003009946958627552 0.9999954104423523
0.20000000298023224 0.2359689623117447 0.0028937929309904575 6.037222385406494 0.004224500618875027 -0.020405415445566177 0.0029713772237300873 0.9997784495353699
0.23333333432674408 0.3449625074863434 0.016514193266630173 6.963564872741699 0.01561143808066845 -0.10081275552511215 0.00024710464640520513 0.9947828650474548
0.30000001192092896 0.23087362945079803 0.030741747468709946 7.531167030334473 0.03401659056544304 -0.11120301485061646 0.003408363088965416 0.9932096004486084
0.4333333373069763 -0.36043307185173035 -0.014831251464784145 7.237807273864746 0.039938438683748245 -0.23246537148952484 0.04902949184179306 0.9705467224121094
0.46666666865348816 -0.5919120907783508 -0.014632030390202999 6.881747245788574 0.06101866438984871 -0.27375343441963196 0.1029713973402977 0.9543231725692749
