0.0 0.0 0.0 0.0 0.0 0.0 0.0 1.0
0.06666667014360428 -0.01405502948909998 -0.007417742628604174 0.12284991145133972 -0.003933233674615622 0.0022730673663318157 -0.0005714429426006973 0.999989926815033
0.10000000149011612 -0.02091817744076252 -0.0035036280751228333 0.20785538852214813 -0.004785541910678148 0.004845408257097006 -0.001424342510290444 0.9999759197235107
0.13333334028720856 -0.002539688954129815 -0.006313593592494726 0.03223389759659767 -0.00181548111140728 0.0003832733491435647 0.00012678549683187157 0.9999984502792358
0.1666666716337204 -0.06940574944019318 0.037236738950014114 -0.20800690352916718 -0.001293304143473506 0.004509684629738331 -0.0006721356185153127 0.9999889731407166
0.20000000298023224 0.021771645173430443 -0.049181196838617325 1.0496207475662231 -0.005386762786656618 0.0021642211358994246 -0.006944477092474699 0.9999592900276184
0.2666666805744171 -0.16452710330486298 0.23799023032188416 1.6973024606704712 0.0033380261156708 0.017512710765004158 -0.009652462787926197 0.9997944235801697
0.30000001192092896 0.09550818055868149 0.30877014994621277 2.3262319564819336 0.027387676760554314 -0.017454050481319427 -0.009473822079598904 0.9994276165962219
0.3333333432674408 -0.005768849980086088 0.03942817449569702 3.760439157485962 -0.0061196270398795605 -0.009359450079500675 -0.007574849296361208 0.9999088644981384
0.36666667461395264 0.039349865168333054 0.21554936468601227 3.9435853958129883 0.025546181946992874 -0.016730409115552902 -0.009641398675739765 0.9994872212409973
0.46666666865348816 -0.07672885805368423 0.3460919260978699 3.5807907581329346 0.04936192184686661 -0.047758277505636215 0.006188482046127319 0.9976192712783813
19.733333587646484 0.06976339966058731 0.030151017010211945 0.7262834310531616 -0.011534029617905617 -0.05596345663070679 -0.012455219402909279 0.9982886910438538
