0.0 0.0 0.0 0.0 0.0 0.0 0.0 1.0
0.03333333507180214 -0.008664362132549286 -0.0009991353144869208 -0.10170933604240417 0.0006773676723241806 0.0037017727736383677 0.0008628857904113829 0.9999924898147583
0.06666667014360428 -0.01767687126994133 0.003618855495005846 -0.33506059646606445 0.004154139664024115 0.006999755743891001 0.004093564115464687 0.9999585151672363
0.10000000149011612 -0.04364636540412903 -0.018345313146710396 0.9495534300804138 0.006403242237865925 0.015017668716609478 0.0036308818962424994 0.9998601675033569
0.13333334028720856 0.06508753448724747 0.1949426829814911 0.15383458137512207 0.006572246085852385 -0.005617382004857063 -0.00010673825454432517 0.9999625086784363
0.1666666716337204 -0.05248131975531578 0.35271695256233215 0.25013649463653564 0.004965635947883129 -0.021459847688674927 -0.019766978919506073 0.9995619654655457
0.20000000298023224 -0.3211163580417633 0.3946072459220886 0.8128567934036255 0.017838958650827408 -0.012944563291966915 -0.015344517305493355 0.9996393918991089
0.23333333432674408 -0.25579848885536194 0.5044349431991577 1.5109959840774536 0.030709439888596535 -0.01610032096505165 -0.017604148015379906 0.9992436170578003
0.2666666805744171 -0.31353071331977844 0.49920350313186646 2.4679596424102783 0.03720914572477341 -0.015497484244406223 -0.017287982627749443 0.9990378022193909
0.30000001192092896 -0.319349467754364 0.46860113739967346 2.654407501220703 0.03396722301840782 -0.015592570416629314 -0.020211387425661087 0.9990969300270081
0.3333333432674408 -0.32831740379333496 0.4693411588668823 2.703317165374756 0.03502291813492775 -0.013062414713203907 -0.0199089664965868 0.9991028308868408
0.36666667461395264 -0.3296603560447693 0.47004327178001404 2.7124407291412354 0.03508085012435913 -0.012799801304936409 -0.019870270043611526 0.999104917049408
0.4000000059604645 -0.33680370450019836 0.47085508704185486 2.7389912605285645 0.0351160392165184 -0.011487810872495174 -0.020381953567266464 0.9991093277931213
0.4333333373069763 -0.32851117849349976 0.4678395092487335 2.7106876373291016 0.03458752483129501 -0.012922091409564018 -0.019718512892723083 0.9991235733032227
