0.0 0.0 0.0 0.0 0.0 0.0 0.0 1.0
0.03333333507180214 -0.03305133432149887 0.0670371800661087 0.8634435534477234 0.0012543658958747983 0.00046803848817944527 -0.0027803354896605015 0.9999954104423523
0.06666667014360428 -0.04701413959264755 0.08142491430044174 2.422267198562622 0.012295225635170937 -0.0005565753672271967 -0.00027242893702350557 0.9999244809150696
0.10000000149011612 0.00014634076796937734 0.2251765877008438 2.3666951656341553 0.018193811178207397 0.0030812674667686224 -0.003960376605391502 0.9998219013214111
0.13333334028720856 -0.3156164884567261 -0.3822523057460785 6.705442905426025 0.009023516438901424 0.01322898454964161 0.0033052426297217607 0.9998663067817688
0.1666666716337204 -0.3327016234397888 -0.2783809006214142 7.307045936584473 0.012545067816972733 0.019376510754227638 0.003419087966904044 0.999727725982666
0.20000000298023224 -0.361102432012558 -0.27439624071121216 7.193729877471924 0.015146780759096146 0.032033804804086685 0.0035899654030799866 0.9993656277656555
0.30000001192092896 -0.4461726248264313 -0.24290215969085693 6.930652618408203 0.03007551282644272 0.06640356779098511 0.004332744982093573 0.9973300695419312
0.3333333432674408 -1.0493437051773071 -0.5343433022499084 8.24053955078125 0.014929019846022129 -0.17201857268810272 0.05157577991485596 0.9836294054985046
0.36666667461395264 -1.4086811542510986 -0.5964880585670471 7.7292633056640625 0.020432336255908012 -0.4644666910171509 0.09399949759244919 0.8803507685661316
