0.0 0.0 0.0 0.0 0.0 0.0 0.0 1.0
0.9666666388511658 -0.03823799639940262 0.042761996388435364 -0.06324908882379532 0.01268948893994093 0.01531326025724411 -1.9239258108427748e-05 0.9998026490211487
1.0 -0.005653775297105312 -0.0030012999195605516 0.034286946058273315 -0.014919016510248184 0.0014895307831466198 -0.0029778743628412485 0.9998834133148193
1.4333332777023315 0.019170565530657768 -0.02398093417286873 0.30752429366111755 0.008840538561344147 -0.007146114483475685 -0.003805580548942089 0.999927282333374
2.299999952316284 -0.07429585605859756 0.03858890011906624 0.2973170876502991 0.0679018497467041 -0.1299583464860916 0.009224780835211277 0.989148736000061
2.366666555404663 -0.09887729585170746 0.08758069574832916 0.21052038669586182 0.08938031643629074 -0.25942546129226685 0.032896772027015686 0.9610549211502075
2.433333396911621 -0.12820236384868622 0.09674776345491409 0.17880026996135712 0.08777614682912827 -0.3690285384654999 0.04501775652170181 0.9241683483123779
2.5 -0.18203644454479218 0.07593641430139542 0.15838812291622162 0.07816829532384872 -0.4770257771015167 0.05388922244310379 0.8737465143203735
2.566666603088379 -0.20415771007537842 0.08308040350675583 0.0898825004696846 0.07584929466247559 -0.5725947618484497 0.06739084422588348 0.8135361075401306
2.5999999046325684 -0.1718350350856781 0.1050959900021553 0.060113657265901566 0.0797070637345314 -0.6161807775497437 0.07987094670534134 0.7794798612594604
2.633333444595337 -0.18437619507312775 0.10084918141365051 0.0295980516821146 0.07468763738870621 -0.6609618067741394 0.0837380439043045 0.7419838309288025
2.6666667461395264 -0.18079611659049988 0.09754738956689835 0.010952319018542767 0.06520961225032806 -0.7083437442779541 0.0855400487780571 0.6976245641708374
2.700000047683716 -0.13438944518566132 0.11795416474342346 -0.020494166761636734 0.06861414015293121 -0.7415515780448914 0.09748145937919617 0.6602204442024231
2.7333333492279053 -0.1263030767440796 0.11690109968185425 -0.03931053727865219 0.060047466307878494 -0.7809954881668091 0.10281886905431747 0.6130806803703308
2.7666666507720947 -0.07700978964567184 0.13571427762508392 -0.06266510486602783 0.054560910910367966 -0.8063144683837891 0.11850643157958984 0.5769198536872864
2.799999952316284 0.03142052888870239 0.17187058925628662 -0.0806022360920906 0.05833370238542557 -0.8148511648178101 0.1300298273563385 0.5618778467178345
2.8333332538604736 0.17513661086559296 0.23604744672775269 -0.1097646951675415 0.053204167634248734 -0.813054084777832 0.1652994304895401 0.5556874871253967
2.866666555404663 0.196418896317482 0.22850944101810455 -0.12396182119846344 0.042801324278116226 -0.8369150757789612 0.16437475383281708 0.5203098058700562
89.53333282470703 -0.14032529294490814 0.08358702063560486 -0.2665878236293793 0.023714929819107056 0.01609085500240326 0.007442341651767492 0.9995616674423218
